0	0	0	-0.999969	-0.00786246	0
0	1	0	0.921248	0.388975	0
0	2	0	-0.348743	0.937218	0
0	3	0	-0.360755	0.932661	0
0	4	0	0.860712	0.509092	0
0	5	0	0.992014	0.126125	0
0	6	0	0.589266	0.807939	0
0	7	0	-0.793846	0.608118	0
0	8	0	-0.441857	0.897086	0
0	9	0	0.0213313	0.999772	0
0	10	0	-0.458976	0.888449	0
0	11	0	-0.632295	0.774728	0
0	12	0	0.245637	0.969362	0
0	13	0	0.996386	0.0849402	0
0	14	0	0.332789	-0.943001	0
0	15	0	-0.995571	0.0940125	0
0	16	0	-0.839572	0.543249	0
0	17	0	0.658726	0.752383	0
0	18	0	-0.60136	0.798978	0
0	19	0	-0.504173	0.863603	0
0	20	0	-0.997402	0.0720375	0
0	21	0	0.942345	-0.334642	0
0	22	0	-0.732899	-0.680337	0
0	23	0	-0.99957	-0.0293347	0
0	24	0	-0.998433	-0.0559634	0
0	25	0	0.719787	0.694195	0
0	26	0	0.980276	0.197634	0
0	27	0	0.901633	-0.432501	0
0	28	0	0.802453	-0.596715	0
0	29	0	0.781742	-0.623602	0
0	30	0	-0.50235	-0.864664	0
0	31	0	0.519575	-0.854425	0
0	32	0	0.952577	-0.304299	0
0	33	0	0.598522	-0.801106	0
0	34	0	-0.936464	0.350765	0
0	35	0	0.779705	0.626147	0
0	36	0	-0.207821	0.978167	0
0	37	0	-0.324549	0.945869	0
0	38	0	0.992207	0.124603	0
0	39	0	0.320647	0.947199	0
0	40	0	-0.711415	0.702772	0
0	41	0	0.146024	0.989281	0
0	42	0	-0.961857	-0.273552	0
0	43	0	-0.893045	0.449967	0
0	44	0	0.969585	0.244754	0
0	45	0	-0.626035	0.779795	0
0	46	0	0.971752	0.236006	0
0	47	0	-0.0920546	0.995754	0
0	48	0	-0.648202	0.761468	0
0	49	0	-0.251116	0.967957	0
1	0	0	-0.18526	0.98269	0
1	1	0	-0.555067	0.831806	0
1	2	0	-0.999797	0.0201334	0
1	3	0	-0.999998	0.00191819	0
1	4	0	0.764474	0.644654	0
1	5	0	0.780185	0.625549	0
1	6	0	0.101693	0.994816	0
1	7	0	0.292724	0.956197	0
1	8	0	-0.53659	0.843843	0
1	9	0	-0.988893	0.148632	0
1	10	0	0.710944	0.703249	0
1	11	0	-0.83538	0.549673	0
1	12	0	0.441599	0.897212	0
1	13	0	-0.938267	0.345912	0
1	14	0	-0.998475	-0.0551976	0
1	15	0	-0.872619	0.488401	0
1	16	0	0.161939	0.986801	0
1	17	0	0.143368	0.98967	0
1	18	0	0.851296	0.524686	0
1	19	0	0.361202	0.932487	0
1	20	0	-0.523093	0.852276	0
1	21	0	0.147162	-0.989112	0
1	22	0	0.995526	-0.0944891	0
1	23	0	-0.276824	-0.960921	0
1	24	0	0.0393476	-0.999226	0
1	25	0	0.980427	-0.196882	0
1	26	0	0.965317	-0.26108	0
1	27	0	-0.949405	-0.314056	0
1	28	0	0.0349403	-0.999389	0
1	29	0	-0.777358	-0.629059	0
1	30	0	0.812519	-0.582935	0
1	31	0	0.751087	-0.660203	0
1	32	0	0.0940599	-0.995567	0
1	33	0	0.774637	-0.632406	0
1	34	0	0.89829	0.439404	0
1	35	0	0.643885	0.765123	0
1	36	0	-0.579853	0.814721	0
1	37	0	-0.155785	0.987791	0
1	38	0	0.891444	0.453132	0
1	39	0	-0.326181	0.945307	0
1	40	0	0.99423	0.107271	0
1	41	0	-0.998023	0.0628543	0
1	42	0	-0.00973101	0.999953	0
1	43	0	0.564996	0.825094	0
1	44	0	-0.487354	0.873204	0
1	45	0	0.550033	0.835143	0
1	46	0	0.998704	-0.0508885	0
1	47	0	-0.92136	0.38871	0
1	48	0	0.310458	0.950587	0
1	49	0	0.999544	0.0301966	0
2	0	0	-0.60044	0.79967	0
2	1	0	-0.950244	0.311506	0
2	2	0	-0.629766	0.776785	0
2	3	0	-0.827497	0.561471	0
2	4	0	0.351169	0.936312	0
2	5	0	0.327178	0.944963	0
2	6	0	0.895406	0.445251	0
2	7	0	-0.903819	0.427914	0
2	8	0	-0.978077	0.208244	0
2	9	0	0.407575	0.913172	0
2	10	0	-0.571228	0.820791	0
2	11	0	-0.717052	0.69702	0
2	12	0	-0.435308	0.900282	0
2	13	0	0.870032	0.492995	0
2	14	0	-0.360218	0.932868	0
2	15	0	-0.437723	0.89911	0
2	16	0	-0.409762	0.912193	0
2	17	0	0.987947	0.154791	0
2	18	0	-0.559207	0.829028	0
2	19	0	0.999696	0.0246378	0
2	20	0	0.112751	0.993623	0
2	21	0	0.829162	-0.559008	0
2	22	0	0.184789	-0.982778	0
2	23	0	0.908162	-0.418619	0
2	24	0	0.412996	-0.910733	0
2	25	0	-0.0367601	-0.999324	0
2	26	0	0.175547	-0.984471	0
2	27	0	0.987977	-0.154602	0
2	28	0	-0.715848	-0.698256	0
2	29	0	0.674448	-0.738323	0
2	30	0	-0.507316	-0.86176	0
2	31	0	-0.975784	-0.218734	0
2	32	0	0.994291	0.106699	0
2	33	0	0.519903	0.854225	0
2	34	0	0.894465	0.447139	0
2	35	0	-0.791391	0.61131	0
2	36	0	-0.949765	0.312963	0
2	37	0	-0.880463	0.474114	0
2	38	0	0.951933	0.306308	0
2	39	0	0.567209	0.823574	0
2	40	0	0.98426	0.176726	0
2	41	0	0.707022	0.707191	0
2	42	0	-0.57233	0.820024	0
2	43	0	0.407925	0.913016	0
2	44	0	0.962197	0.272353	0
2	45	0	0.137102	0.990557	0
2	46	0	-0.994281	0.106795	0
2	47	0	0.295839	0.955238	0
2	48	0	0.0678767	0.997694	0
2	49	0	0.911976	0.410243	0
3	0	0	-0.332879	0.942969	0
3	1	0	-0.0710324	0.997474	0
3	2	0	-0.532864	0.846201	0
3	3	0	0.800274	0.599635	0
3	4	0	0.999984	0.0056567	0
3	5	0	-0.771169	0.636631	0
3	6	0	-0.985145	-0.171723	0
3	7	0	-0.999431	-0.0337428	0
3	8	0	0.897783	-0.440437	0
3	9	0	-0.950065	0.312052	0
3	10	0	0.98069	0.195566	0
3	11	0	-0.344246	0.938879	0
3	12	0	-0.551872	0.833929	0
3	13	0	0.699251	0.714877	0
3	14	0	0.54843	0.836196	0
3	15	0	-0.321827	0.946799	0
3	16	0	-0.547227	0.836985	0
3	17	0	-0.714508	0.699628	0
3	18	0	-0.770803	0.637074	0
3	19	0	0.0431794	0.999067	0
3	20	0	0.391755	0.920069	0
3	21	0	-0.932227	0.361873	0
3	22	0	0.224764	-0.974413	0
3	23	0	0.51613	-0.85651	0
3	24	0	-0.636149	-0.771566	0
3	25	0	0.10608	-0.994358	0
3	26	0	-0.506986	-0.861955	0
3	27	0	0.260848	-0.96538	0
3	28	0	0.808137	-0.588995	0
3	29	0	0.0174969	-0.999847	0
3	30	0	0.0171135	-0.999854	0
3	31	0	-0.615512	-0.788128	0
3	32	0	-0.999948	-0.0101634	0
3	33	0	-0.92743	0.373998	0
3	34	0	-0.346046	0.938218	0
3	35	0	-0.601053	0.799209	0
3	36	0	-0.245172	0.96948	0
3	37	0	-0.747595	0.664155	0
3	38	0	0.944633	0.328129	0
3	39	0	-0.995993	0.0894299	0
3	40	0	-0.755187	0.65551	0
3	41	0	0.959434	0.281933	0
3	42	0	-0.0139493	0.999903	0
3	43	0	0.39052	0.920594	0
3	44	0	0.962977	0.269584	0
3	45	0	-0.894164	0.447739	0
3	46	0	0.921993	-0.387207	0
3	47	0	-0.297395	0.954754	0
3	48	0	0.331523	0.943447	0
3	49	0	0.250838	0.968029	0
4	0	0	0.921918	0.387384	0
4	1	0	-0.110178	0.993912	0
4	2	0	0.882681	0.469972	0
4	3	0	0.979123	0.20327	0
4	4	0	0.690564	0.723272	0
4	5	0	-0.534809	0.844973	0
4	6	0	0.999662	-0.0259797	0
4	7	0	-0.973159	0.230133	0
4	8	0	0.334236	0.94249	0
4	9	0	-0.890442	0.455097	0
4	10	0	-0.368433	0.929654	0
4	11	0	0.514158	0.857695	0
4	12	0	-0.435135	0.900365	0
4	13	0	-0.999541	-0.0302931	0
4	14	0	0.964461	0.264225	0
4	15	0	-0.999922	0.0124643	0
4	16	0	-0.818125	0.57504	0
4	17	0	0.706344	0.707869	0
4	18	0	-0.829215	0.558929	0
4	19	0	0.924424	0.381365	0
4	20	0	-0.908843	-0.417139	0
4	21	0	-0.954053	0.299638	0
4	22	0	-0.788687	-0.614794	0
4	23	0	0.248796	-0.968556	0
4	24	0	-0.142133	-0.989848	0
4	25	0	-0.119511	-0.992833	0
4	26	0	0.846737	-0.532012	0
4	27	0	-0.297212	-0.954811	0
4	28	0	0.693332	-0.720618	0
4	29	0	0.793439	-0.60865	0
4	30	0	0.954139	-0.299363	0
4	31	0	0.977736	-0.209837	0
4	32	0	0.816966	0.576685	0
4	33	0	0.662612	0.748963	0
4	34	0	-0.611878	0.790952	0
4	35	0	-0.475084	0.879941	0
4	36	0	0.708106	0.706106	0
4	37	0	0.181773	0.983341	0
4	38	0	0.915868	0.40148	0
4	39	0	0.7077	0.706513	0
4	40	0	-0.401348	0.915925	0
4	41	0	0.0759095	0.997115	0
4	42	0	0.9406	0.339516	0
4	43	0	-0.827389	0.561629	0
4	44	0	-0.044807	0.998996	0
4	45	0	-0.374308	0.927304	0
4	46	0	0.791216	0.611537	0
4	47	0	0.317921	0.948117	0
4	48	0	0.861979	0.506945	0
4	49	0	0.594367	0.804194	0
5	0	0	0.999394	0.0347962	0
5	1	0	-0.875136	0.483877	0
5	2	0	0.0581168	0.99831	0
5	3	0	0.762245	0.647289	0
5	4	0	0.727331	0.686287	0
5	5	0	0.36156	0.932349	0
5	6	0	-0.335951	0.941879	0
5	7	0	-0.592282	0.805731	0
5	8	0	0.88803	0.459785	0
5	9	0	-0.674093	0.738646	0
5	10	0	-0.84953	0.52754	0
5	11	0	0.751341	0.659915	0
5	12	0	0.139761	0.990185	0
5	13	0	-0.963363	0.268199	0
5	14	0	0.493954	0.869488	0
5	15	0	-0.989148	-0.146925	0
5	16	0	0.397218	0.917724	0
5	17	0	0.906954	0.42123	0
5	18	0	0.343617	0.93911	0
5	19	0	-0.459998	-0.88792	0
5	20	0	-0.776271	-0.630399	0
5	21	0	-0.680161	-0.733063	0
5	22	0	-0.593981	-0.804479	0
5	23	0	0.0357068	-0.999362	0
5	24	0	-0.562699	-0.826662	0
5	25	0	0.464674	-0.885482	0
5	26	0	-0.878272	-0.478161	0
5	27	0	-0.886393	-0.462933	0
5	28	0	0.632666	-0.774424	0
5	29	0	-0.425789	-0.904822	0
5	30	0	0.960134	-0.279541	0
5	31	0	0.947613	0.319421	0
5	32	0	0.840872	0.541235	0
5	33	0	0.301512	0.953462	0
5	34	0	0.976678	0.214709	0
5	35	0	0.999971	-0.00757419	0
5	36	0	-0.574215	0.818704	0
5	37	0	0.442975	0.896534	0
5	38	0	0.0753359	0.997158	0
5	39	0	0.390697	0.92052	0
5	40	0	-0.4634	0.886149	0
5	41	0	-0.967121	0.254318	0
5	42	0	-0.69973	0.714408	0
5	43	0	0.15626	0.987716	0
5	44	0	0.309364	0.950944	0
5	45	0	-0.93873	0.344652	0
5	46	0	-0.697122	0.716952	0
5	47	0	-0.915906	0.401393	0
5	48	0	-0.217938	0.975963	0
5	49	0	0.988095	-0.153844	0
6	0	0	0.771962	0.635668	0
6	1	0	-0.962223	0.272261	0
6	2	0	-0.898668	0.438629	0
6	3	0	-0.709931	0.704271	0
6	4	0	0.567998	0.82303	0
6	5	0	0.43781	0.899067	0
6	6	0	-0.790922	0.611917	0
6	7	0	0.999496	0.0317299	0
6	8	0	-0.143462	0.989656	0
6	9	0	0.250467	0.968125	0
6	10	0	-0.876247	0.481862	0
6	11	0	0.948771	0.315966	0
6	12	0	0.520885	0.853627	0
6	13	0	-0.752036	0.659122	0
6	14	0	0.998901	0.0468665	0
6	15	0	0.725222	0.688515	0
6	16	0	0.999799	0.0200369	0
6	17	0	-0.269076	0.963119	0
6	18	0	0.998307	0.0581643	0
6	19	0	0.739066	-0.673633	0
6	20	0	0.378838	-0.925463	0
6	21	0	0.979665	-0.200641	0
6	22	0	0.785198	-0.619245	0
6	23	0	0.790864	-0.611992	0
6	24	0	-0.999315	-0.0370006	0
6	25	0	0.261589	-0.965179	0
6	26	0	-0.806723	-0.59093	0
6	27	0	0.715647	-0.698462	0
6	28	0	-0.653007	-0.757352	0
6	29	0	0.998574	-0.0533779	0
6	30	0	0.01673	-0.99986	0
6	31	0	0.999811	-0.0194617	0
6	32	0	0.729433	0.684052	0
6	33	0	-0.22037	0.975416	0
6	34	0	0.945448	0.325773	0
6	35	0	0.623265	0.782011	0
6	36	0	-0.961542	0.274659	0
6	37	0	0.680653	0.732606	0
6	38	0	-0.445122	0.89547	0
6	39	0	0.70376	0.710438	0
6	40	0	-0.677062	0.735926	0
6	41	0	0.0422215	0.999108	0
6	42	0	-0.95434	0.298723	0
6	43	0	0.762493	0.646997	0
6	44	0	-0.984747	0.17399	0
6	45	0	0.480895	0.876778	0
6	46	0	-0.938929	0.344112	0
6	47	0	0.64124	0.76734	0
6	48	0	-0.677062	0.735926	0
6	49	0	-0.572801	0.819694	0
7	0	0	-0.658076	0.752952	0
7	1	0	0.82038	0.571819	0
7	2	0	0.177246	0.984167	0
7	3	0	-0.607775	0.794109	0
7	4	0	-0.995749	-0.0921033	0
7	5	0	-0.700551	0.713602	0
7	6	0	0.261404	0.96523	0
7	7	0	0.741129	0.671362	0
7	8	0	-0.202378	0.979307	0
7	9	0	-0.915366	0.402622	0
7	10	0	-0.487689	0.873017	0
7	11	0	0.711079	0.703113	0
7	12	0	0.541033	0.841001	0
7	13	0	0.422404	0.906408	0
7	14	0	0.673314	0.739356	0
7	15	0	0.530509	0.847679	0
7	16	0	-0.323279	0.946304	0
7	17	0	-0.349821	0.936817	0
7	18	0	0.986133	-0.165958	0
7	19	0	0.766079	-0.642747	0
7	20	0	-0.298128	-0.954526	0
7	21	0	-0.811231	-0.584725	0
7	22	0	-0.613848	-0.789424	0
7	23	0	0.683737	-0.729728	0
7	24	0	0.81785	-0.575431	0
7	25	0	0.0232483	-0.99973	0
7	26	0	-0.654023	-0.756474	0
7	27	0	-0.613848	-0.789424	0
7	28	0	-0.914825	-0.403851	0
7	29	0	0.898879	0.438198	0
7	30	0	0.895662	0.444736	0
7	31	0	0.322644	0.94652	0
7	32	0	0.954769	-0.29735	0
7	33	0	-0.152944	0.988235	0
7	34	0	0.375997	0.926621	0
7	35	0	-0.767985	0.640467	0
7	36	0	-0.356638	0.934243	0
7	37	0	-0.662683	0.7489	0
7	38	0	0.213539	0.976935	0
7	39	0	-0.23717	0.971468	0
7	40	0	-0.791039	0.611765	0
7	41	0	-0.246473	0.96915	0
7	42	0	0.0389643	0.999241	0
7	43	0	0.749185	0.66236	0
7	44	0	0.642857	0.765986	0
7	45	0	-0.621088	0.783741	0
7	46	0	-0.134727	0.990883	0
7	47	0	-0.654603	0.755972	0
7	48	0	-0.128834	0.991666	0
7	49	0	-0.00282803	0.999996	0
8	0	0	0.964714	0.2633	0
8	1	0	-0.995462	0.0951579	0
8	2	0	-0.943399	0.331659	0
8	3	0	-0.871963	0.489572	0
8	4	0	0.988006	0.154412	0
8	5	0	0.896088	0.443877	0
8	6	0	-0.82825	0.560359	0
8	7	0	0.0552451	0.998473	0
8	8	0	-0.776634	0.629953	0
8	9	0	-0.108081	0.994142	0
8	10	0	-0.605183	0.796086	0
8	11	0	-0.706683	0.707531	0
8	12	0	-0.909162	0.416442	0
8	13	0	-0.87597	0.482366	0
8	14	0	-0.956547	0.291578	0
8	15	0	-0.932712	0.360622	0
8	16	0	0.516623	0.856213	0
8	17	0	-0.859783	-0.510659	0
8	18	0	0.803824	-0.594867	0
8	19	0	0.912134	-0.409893	0
8	20	0	-0.943336	-0.33184	0
8	21	0	-0.520803	-0.853677	0
8	22	0	0.976965	-0.213398	0
8	23	0	-0.546906	-0.837194	0
8	24	0	0.347395	-0.937719	0
8	25	0	0.800389	-0.599482	0
8	26	0	0.0575425	0.998343	0
8	27	0	-0.999629	-0.0272263	0
8	28	0	0.987102	0.160093	0
8	29	0	-0.959946	0.280186	0
8	30	0	0.804166	0.594405	0
8	31	0	-0.0559146	0.998436	0
8	32	0	0.85895	-0.512059	0
8	33	0	0.0322572	0.99948	0
8	34	0	0.402841	0.91527	0
8	35	0	-0.941476	0.337081	0
8	36	0	0.918996	0.394268	0
8	37	0	-0.771413	0.636335	0
8	38	0	-0.998985	-0.0450475	0
8	39	0	-0.932019	-0.362409	0
8	40	0	0.803253	0.595638	0
8	41	0	-0.22523	0.974306	0
8	42	0	0.886171	0.463358	0
8	43	0	-0.625586	0.780155	0
8	44	0	-0.172997	0.984922	0
8	45	0	0.741773	0.670651	0
8	46	0	-0.99964	0.0268429	0
8	47	0	0.869937	0.493162	0
8	48	0	-0.869417	0.49408	0
8	49	0	0.536186	0.8441	0
9	0	0	-0.613394	0.789777	0
9	1	0	-0.918124	0.396294	0
9	2	0	-0.374308	0.927304	0
9	3	0	0.524808	0.85122	0
9	4	0	0.359414	0.933178	0
9	5	0	-0.325093	0.945682	0
9	6	0	0.982126	0.188227	0
9	7	0	0.393519	0.919317	0
9	8	0	-0.623939	0.781473	0
9	9	0	0.371017	0.928626	0
9	10	0	0.138432	0.990372	0
9	11	0	-0.173375	0.984856	0
9	12	0	-0.981008	0.193968	0
9	13	0	-0.678472	0.734626	0
9	14	0	0.615285	0.788304	0
9	15	0	0.269538	0.96299	0
9	16	0	-0.859293	0.511483	0
9	17	0	0.947122	0.320874	0
9	18	0	-0.946906	0.32151	0
9	19	0	-0.932574	0.360979	0
9	20	0	0.15626	-0.987716	0
9	21	0	-0.61203	-0.790835	0
9	22	0	-0.993455	-0.114228	0
9	23	0	0.72904	-0.684472	0
9	24	0	0.262329	-0.964978	0
9	25	0	-0.883715	-0.468025	0
9	26	0	0.673173	0.739485	0
9	27	0	0.341455	0.939898	0
9	28	0	-0.195801	0.980644	0
9	29	0	-0.557298	0.830313	0
9	30	0	-0.0593604	0.998237	0
9	31	0	0.990941	0.1343	0
9	32	0	-0.817353	0.576137	0
9	33	0	-0.784663	0.619923	0
9	34	0	-0.818676	0.574255	0
9	35	0	0.933712	0.358026	0
9	36	0	-0.87597	0.482366	0
9	37	0	-0.200312	0.979732	0
9	38	0	-0.471875	0.881666	0
9	39	0	-0.987086	0.160189	0
9	40	0	-0.161844	0.986816	0
9	41	0	-0.686321	0.727298	0
9	42	0	-0.2448	0.969574	0
9	43	0	0.96308	0.269215	0
9	44	0	-0.999722	-0.0235841	0
9	45	0	-0.00397855	0.999992	0
9	46	0	-0.754054	0.656812	0
9	47	0	0.826041	0.56361	0
9	48	0	0.374753	0.927125	0
9	49	0	-0.998923	0.0463883	0
10	0	0	-0.97077	0.240011	0
10	1	0	0.0130871	0.999914	0
10	2	0	-0.372351	0.928092	0
10	3	0	-0.0145245	0.999895	0
10	4	0	-0.569811	0.821776	0
10	5	0	0.727594	0.686008	0
10	6	0	-0.751656	0.659555	0
10	7	0	-0.927645	0.373464	0
10	8	0	-0.334867	0.942265	0
10	9	0	-0.18526	0.98269	0
10	10	0	0.610133	0.792299	0
10	11	0	0.552912	0.83324	0
10	12	0	-0.841442	0.540348	0
10	13	0	0.961093	0.276225	0
10	14	0	-0.880191	0.47462	0
10	15	0	0.5135	0.858089	0
10	16	0	-0.583908	0.81182	0
10	17	0	0.654966	0.755658	0
10	18	0	0.906063	0.423142	0
10	19	0	0.882411	0.470479	0
10	20	0	-0.936598	0.350406	0
10	21	0	0.967679	0.252184	0
10	22	0	0.8806	0.47386	0
10	23	0	0.973883	0.227052	0
10	24	0	0.0332155	0.999448	0
10	25	0	0.797621	0.603159	0
10	26	0	0.589111	0.808052	0
10	27	0	-0.973643	0.22808	0
10	28	0	-0.280507	0.959852	0
10	29	0	-0.329804	0.94405	0
10	30	0	-0.904065	0.427394	0
10	31	0	0.76817	0.640246	0
10	32	0	0.841804	0.539783	0
10	33	0	-0.902337	0.431031	0
10	34	0	-0.322916	0.946428	0
10	35	0	-0.557457	0.830206	0
10	36	0	0.616192	0.787596	0
10	37	0	0.959109	0.283037	0
10	38	0	0.792855	0.609411	0
10	39	0	0.324821	0.945775	0
10	40	0	0.932747	0.360532	0
10	41	0	0.400207	0.916425	0
10	42	0	0.795999	0.605298	0
10	43	0	-0.512924	0.858434	0
10	44	0	0.836801	0.547508	0
10	45	0	-0.311459	0.950259	0
10	46	0	-0.950005	0.312235	0
10	47	0	-0.71155	0.702636	0
10	48	0	0.777298	0.629133	0
10	49	0	-0.996896	-0.0787297	0
11	0	0	-0.395368	0.918523	0
11	1	0	-0.792913	0.609335	0
11	2	0	0.89257	0.450908	0
11	3	0	0.934465	0.356056	0
11	4	0	0.696641	0.71742	0
11	5	0	0.2577	0.966225	0
11	6	0	-0.951785	0.306764	0
11	7	0	0.221586	0.975141	0
11	8	0	0.06405	0.997947	0
11	9	0	0.836275	0.54831	0
11	10	0	-0.791391	0.61131	0
11	11	0	0.247496	0.968889	0
11	12	0	0.135013	0.990844	0
11	13	0	-0.794196	0.607661	0
11	14	0	0.784603	0.619998	0
11	15	0	0.799353	0.600862	0
11	16	0	-0.823057	0.567959	0
11	17	0	0.35995	0.932971	0
11	18	0	0.762865	0.646558	0
11	19	0	0.903285	0.42904	0
11	20	0	0.605718	0.79568	0
11	21	0	0.102265	0.994757	0
11	22	0	0.0291906	0.999574	0
11	23	0	0.0854659	0.996341	0
11	24	0	0.0663462	0.997797	0
11	25	0	-0.640724	0.767771	0
11	26	0	-0.307995	0.951388	0
11	27	0	0.14147	0.989943	0
11	28	0	0.423272	0.906002	0
11	29	0	-0.848111	0.529819	0
11	30	0	0.674589	0.738193	0
11	31	0	0.993854	0.110702	0
11	32	0	-0.772997	0.63441	0
11	33	0	-0.835591	0.549352	0
11	34	0	-0.290614	0.95684	0
11	35	0	0.99364	-0.112608	0
11	36	0	0.562937	0.8265	0
11	37	0	0.926314	0.376752	0
11	38	0	0.381853	0.924223	0
11	39	0	-0.842889	0.538087	0
11	40	0	-0.87763	0.479339	0
11	41	0	-0.888778	0.458338	0
11	42	0	-0.984781	-0.173801	0
11	43	0	0.613318	0.789836	0
11	44	0	0.351887	0.936043	0
11	45	0	0.325184	0.945651	0
11	46	0	-0.624389	0.781114	0
11	47	0	0.789571	0.613659	0
11	48	0	-0.910515	0.413476	0
11	49	0	0.449838	0.89311	0
12	0	0	0.156828	0.987626	0
12	1	0	-0.316739	0.948513	0
12	2	0	0.344517	0.93878	0
12	3	0	0.74715	0.664656	0
12	4	0	0.56262	0.826715	0
12	5	0	0.962041	0.272906	0
12	6	0	-0.815248	0.579111	0
12	7	0	0.95965	-0.281197	0
12	8	0	-0.951785	0.306764	0
12	9	0	-0.98727	0.159053	0
12	10	0	0.974575	0.224063	0
12	11	0	-0.982252	0.187568	0
12	12	0	0.138622	0.990345	0
12	13	0	0.981138	-0.193309	0
12	14	0	0.426224	0.904618	0
12	15	0	0.351707	0.93611	0
12	16	0	0.694161	0.71982	0
12	17	0	0.764968	0.644068	0
12	18	0	-0.951136	-0.308771	0
12	19	0	-0.366828	0.930289	0
12	20	0	-0.484169	0.874974	0
12	21	0	-0.927859	0.37293	0
12	22	0	0.371373	0.928484	0
12	23	0	-0.214943	0.976627	0
12	24	0	-0.233629	0.972326	0
12	25	0	0.436603	0.899654	0
12	26	0	0.995361	0.0962071	0
12	27	0	-0.998346	0.057495	0
12	28	0	0.92946	0.368923	0
12	29	0	0.998781	0.0493564	0
12	30	0	0.786502	0.617588	0
12	31	0	-0.053617	0.998562	0
12	32	0	0.812966	0.582311	0
12	33	0	0.586784	0.809743	0
12	34	0	-0.549792	0.835302	0
12	35	0	-0.935043	0.354533	0
12	36	0	0.714575	0.699559	0
12	37	0	-0.999854	-0.0170659	0
12	38	0	-0.944097	-0.329669	0
12	39	0	0.923029	0.384731	0
12	40	0	-0.654458	0.756098	0
12	41	0	0.757383	0.652971	0
12	42	0	0.347036	0.937852	0
12	43	0	0.213351	0.976976	0
12	44	0	-0.985957	0.166999	0
12	45	0	0.76013	0.64977	0
12	46	0	0.775243	0.631663	0
12	47	0	-0.993167	0.116704	0
12	48	0	-0.981045	0.19378	0
12	49	0	0.961516	0.27475	0
13	0	0	-0.62738	0.778714	0
13	1	0	-0.922104	0.386943	0
13	2	0	0.81597	0.578094	0
13	3	0	0.142229	0.989834	0
13	4	0	0.764103	0.645094	0
13	5	0	-0.358608	0.933488	0
13	6	0	-0.708985	0.705223	0
13	7	0	0.868325	0.495995	0
13	8	0	0.827012	0.562184	0
13	9	0	-0.879279	0.476307	0
13	10	0	-0.267968	0.963428	0
13	11	0	0.971932	0.235261	0
13	12	0	0.842218	0.539137	0
13	13	0	0.846227	0.532823	0
13	14	0	0.906954	0.42123	0
13	15	0	-0.403279	0.915077	0
13	16	0	0.466541	0.8845	0
13	17	0	0.554668	0.832072	0
13	18	0	-0.997937	-0.0641939	0
13	19	0	0.108558	0.99409	0
13	20	0	0.544094	0.839024	0
13	21	0	-0.112274	0.993677	0
13	22	0	-0.131686	0.991291	0
13	23	0	0.692503	0.721415	0
13	24	0	-0.683947	0.729532	0
13	25	0	-0.742351	0.670012	0
13	26	0	0.152849	0.988249	0
13	27	0	0.689453	0.72433	0
13	28	0	-0.786087	0.618116	0
13	29	0	-0.408537	0.912742	0
13	30	0	0.97513	0.221633	0
13	31	0	-0.816357	0.577547	0
13	32	0	-0.187897	0.982189	0
13	33	0	-0.976202	0.216863	0
13	34	0	-0.32473	0.945807	0
13	35	0	-0.814693	0.579893	0
13	36	0	-0.293548	0.955944	0
13	37	0	-0.957437	0.288642	0
13	38	0	-0.581726	0.813385	0
13	39	0	-0.771901	0.635743	0
13	40	0	0.690425	0.723404	0
13	41	0	-0.394488	0.918901	0
13	42	0	0.74203	0.670367	0
13	43	0	0.0940599	0.995567	0
13	44	0	0.00407508	0.999992	0
13	45	0	0.111607	0.993752	0
13	46	0	-0.23717	0.971468	0
13	47	0	-0.476601	0.879119	0
13	48	0	0.224951	0.97437	0
13	49	0	0.992839	-0.119464	0
14	0	0	-0.871775	0.489906	0
14	1	0	-0.347844	0.937552	0
14	2	0	-0.614605	0.788835	0
14	3	0	-0.708715	0.705495	0
14	4	0	0.353322	0.935502	0
14	5	0	0.895747	0.444564	0
14	6	0	0.985619	0.168983	0
14	7	0	-0.0756221	0.997137	0
14	8	0	-0.357175	0.934037	0
14	9	0	0.139191	0.990266	0
14	10	0	-0.999512	-0.0312514	0
14	11	0	-0.995352	0.0963031	0
14	12	0	0.59975	0.800187	0
14	13	0	0.358519	0.933522	0
14	14	0	-0.458806	0.888537	0
14	15	0	-0.899088	0.437767	0
14	16	0	0.15626	0.987716	0
14	17	0	0.444865	0.895598	0
14	18	0	-0.530102	0.847934	0
14	19	0	0.937302	0.348519	0
14	20	0	0.690147	0.723669	0
14	21	0	-0.184317	0.982867	0
14	22	0	-0.109606	0.993975	0
14	23	0	0.645936	0.763391	0
14	24	0	-0.114941	0.993372	0
14	25	0	-0.281427	0.959583	0
14	26	0	-0.983488	0.180972	0
14	27	0	0.198152	0.980171	0
14	28	0	-0.989676	0.14332	0
14	29	0	-0.120463	0.992718	0
14	30	0	-0.578446	0.815721	0
14	31	0	-0.95677	0.290844	0
14	32	0	-0.998313	0.0580693	0
14	33	0	0.580556	0.81422	0
14	34	0	0.618455	0.78582	0
14	35	0	0.552912	0.83324	0
14	36	0	0.859343	0.5114	0
14	37	0	0.865554	-0.500816	0
14	38	0	-0.842063	0.539379	0
14	39	0	0.959973	0.280093	0
14	40	0	0.313373	0.94963	0
14	41	0	0.525135	0.851019	0
14	42	0	0.548911	0.835881	0
14	43	0	-0.712627	0.701543	0
14	44	0	0.975258	0.221072	0
14	45	0	0.904761	0.42592	0
14	46	0	-0.943017	0.332745	0
14	47	0	0.976965	0.213398	0
14	48	0	0.0627105	0.998032	0
14	49	0	0.896088	0.443877	0
15	0	0	-0.653443	0.756976	0
15	1	0	0.996451	0.0841759	0
15	2	0	-0.852851	0.522154	0
15	3	0	0.915714	0.401832	0
15	4	0	0.252323	0.967643	0
15	5	0	-0.177906	0.984048	0
15	6	0	-0.657642	0.75333	0
15	7	0	-0.590581	0.806978	0
15	8	0	0.266952	0.96371	0
15	9	0	-0.658364	0.752699	0
15	10	0	0.613318	0.789836	0
15	11	0	0.0197976	0.999804	0
15	12	0	-0.47424	0.880396	0
15	13	0	-0.0979721	0.995189	0
15	14	0	-0.693263	0.720685	0
15	15	0	-0.838633	0.544697	0
15	16	0	-0.852751	0.522317	0
15	17	0	0.990498	-0.137529	0
15	18	0	0.930166	0.36714	0
15	19	0	-0.779885	0.625923	0
15	20	0	0.608004	0.793934	0
15	21	0	-0.44306	0.896492	0
15	22	0	0.898626	0.438715	0
15	23	0	-0.482659	0.875809	0
15	24	0	-0.999986	-0.00536972	0
15	25	0	0.549232	0.83567	0
15	26	0	-0.147446	0.98907	0
15	27	0	-0.920912	0.38977	0
15	28	0	-0.844947	0.534851	0
15	29	0	0.752857	0.658184	0
15	30	0	0.403543	0.914961	0
15	31	0	-0.354129	0.935197	0
15	32	0	-0.566813	0.823846	0
15	33	0	-0.623489	0.781832	0
15	34	0	-0.953995	0.299821	0
15	35	0	0.567998	0.82303	0
15	36	0	-0.993211	0.116323	0
15	37	0	-0.990824	0.135155	0
15	38	0	0.59975	0.800187	0
15	39	0	-0.943717	0.330755	0
15	40	0	-0.858015	0.513624	0
15	41	0	0.649589	0.760286	0
15	42	0	0.909362	0.416006	0
15	43	0	-0.99126	0.131925	0
15	44	0	-0.046531	0.998917	0
15	45	0	0.778262	0.62794	0
15	46	0	0.567209	0.823574	0
15	47	0	-0.198997	0.98	0
15	48	0	-0.989731	0.142941	0
15	49	0	-0.459828	0.888008	0
16	0	0	-0.644984	0.764196	0
16	1	0	0.664764	0.747054	0
16	2	0	0.950274	0.311414	0
16	3	0	-0.994624	-0.103553	0
16	4	0	0.973708	0.227799	0
16	5	0	-0.219435	0.975627	0
16	6	0	0.31319	0.94969	0
16	7	0	-0.200688	0.979655	0
16	8	0	0.549232	0.83567	0
16	9	0	0.992584	0.121558	0
16	10	0	0.778382	0.62779	0
16	11	0	-0.79964	0.600479	0
16	12	0	-0.995222	0.0976391	0
16	13	0	-0.0365685	0.999331	0
16	14	0	-0.583285	0.812268	0
16	15	0	0.962718	0.270507	0
16	16	0	0.238754	0.97108	0
16	17	0	-0.999969	-0.00786246	0
16	18	0	-0.159572	0.987186	0
16	19	0	0.629394	0.777087	0
16	20	0	0.723768	0.690043	0
16	21	0	-0.943208	0.332202	0
16	22	0	0.378838	0.925463	0
16	23	0	0.247496	0.968889	0
16	24	0	0.912291	0.409543	0
16	25	0	0.251024	0.967981	0
16	26	0	0.954426	0.298448	0
16	27	0	0.234282	0.972169	0
16	28	0	-0.022385	0.999749	0
16	29	0	0.957299	-0.2891	0
16	30	0	0.998928	0.0462919	0
16	31	0	-0.954968	0.29671	0
16	32	0	0.482743	0.875762	0
16	33	0	-0.0951092	0.995467	0
16	34	0	0.714307	0.699833	0
16	35	0	0.942474	0.33428	0
16	36	0	-0.301603	0.953434	0
16	37	0	0.0280406	0.999607	0
16	38	0	-0.997578	0.0695509	0
16	39	0	-0.281243	0.959637	0
16	40	0	0.686949	0.726705	0
16	41	0	-0.843714	0.536793	0
16	42	0	0.839936	0.542685	0
16	43	0	-0.871399	0.490575	0
16	44	0	0.999394	-0.0347962	0
16	45	0	0.997781	-0.066585	0
16	46	0	0.950513	0.310685	0
16	47	0	-0.767862	0.640615	0
16	48	0	-0.930692	0.365803	0
16	49	0	-0.409062	0.912507	0
17	0	0	0.0123202	0.999924	0
17	1	0	-0.290981	0.956729	0
17	2	0	0.122272	0.992497	0
17	3	0	-0.932366	-0.361516	0
17	4	0	0.706751	-0.707463	0
17	5	0	-0.966435	0.256913	0
17	6	0	0.630883	0.775878	0
17	7	0	-0.976575	0.215178	0
17	8	0	0.937968	0.346721	0
17	9	0	0.961199	0.275856	0
17	10	0	0.943685	0.330845	0
17	11	0	-0.926567	0.376131	0
17	12	0	-0.999689	-0.024926	0
17	13	0	-0.694781	0.719221	0
17	14	0	0.805645	0.592398	0
17	15	0	-0.950364	0.311141	0
17	16	0	-0.466286	0.884634	0
17	17	0	0.534567	0.845126	0
17	18	0	0.495121	0.868824	0
17	19	0	0.402666	0.915347	0
17	20	0	0.569418	0.822048	0
17	21	0	0.846124	0.532986	0
17	22	0	0.898037	0.439921	0
17	23	0	-0.177339	0.98415	0
17	24	0	0.434186	0.900823	0
17	25	0	-0.501189	0.865338	0
17	26	0	0.999881	-0.0154355	0
17	27	0	0.998847	0.0480158	0
17	28	0	-0.325274	0.94562	0
17	29	0	0.917934	0.396733	0
17	30	0	-0.999597	-0.0283763	0
17	31	0	0.533107	0.846048	0
17	32	0	0.711079	0.703113	0
17	33	0	-0.691048	0.722808	0
17	34	0	-0.466964	0.884276	0
17	35	0	0.104745	0.994499	0
17	36	0	-0.775061	0.631887	0
17	37	0	0.621163	0.783681	0
17	38	0	0.584764	0.811203	0
17	39	0	0.995864	0.0908615	0
17	40	0	0.100549	0.994932	0
17	41	0	0.0804975	0.996755	0
17	42	0	-0.963876	0.266352	0
17	43	0	0.977047	0.213023	0
17	44	0	0.653081	0.757288	0
17	45	0	-0.761685	0.647947	0
17	46	0	-0.825878	0.563848	0
17	47	0	-0.432717	0.90153	0
17	48	0	0.959919	0.280277	0
17	49	0	-0.775787	0.630995	0
18	0	0	-0.681986	0.731365	0
18	1	0	-0.0714149	0.997447	0
18	2	0	-0.969936	0.24336	0
18	3	0	0.866033	-0.499986	0
18	4	0	-0.920538	-0.390653	0
18	5	0	-0.910753	0.412952	0
18	6	0	-0.509793	-0.860297	0
18	7	0	-0.240894	-0.970551	0
18	8	0	-0.742094	-0.670296	0
18	9	0	0.84056	-0.541718	0
18	10	0	-0.736023	-0.676957	0
18	11	0	0.736347	0.676604	0
18	12	0	0.876017	-0.482281	0
18	13	0	0.366382	0.930464	0
18	14	0	0.115608	0.993295	0
18	15	0	-0.862803	0.505539	0
18	16	0	0.483247	0.875484	0
18	17	0	0.300049	0.953924	0
18	18	0	-0.36147	0.932384	0
18	19	0	0.721117	0.692814	0
18	20	0	-0.999876	0.0157238	0
18	21	0	-0.140994	0.99001	0
18	22	0	-0.282531	0.959258	0
18	23	0	-0.478623	0.87802	0
18	24	0	0.763484	0.645826	0
18	25	0	-0.418837	0.908062	0
18	26	0	0.873321	0.487145	0
18	27	0	-0.335048	0.942201	0
18	28	0	-0.968806	0.247821	0
18	29	0	-0.366649	0.930359	0
18	30	0	0.736347	0.676604	0
18	31	0	0.332789	0.943001	0
18	32	0	-0.72542	0.688307	0
18	33	0	-0.320011	0.947414	0
18	34	0	-0.958099	0.286438	0
18	35	0	-0.132637	0.991165	0
18	36	0	-0.0693109	0.997595	0
18	37	0	-0.733421	0.679775	0
18	38	0	-0.999938	0.0111221	0
18	39	0	0.948346	0.317239	0
18	40	0	0.894893	0.446281	0
18	41	0	-0.318193	0.948026	0
18	42	0	0.970655	0.240475	0
18	43	0	0.999478	-0.0323048	0
18	44	0	0.00388332	0.999992	0
18	45	0	-0.0721799	0.997392	0
18	46	0	0.931148	-0.364642	0
18	47	0	-0.834958	0.550313	0
18	48	0	-0.882366	0.470565	0
18	49	0	-0.785613	0.618719	0
19	0	0	-0.62289	0.78231	0
19	1	0	-0.930622	0.365981	0
19	2	0	0.998362	0.0572071	0
19	3	0	0.675155	-0.737676	0
19	4	0	0.0174969	-0.999847	0
19	5	0	-0.0381014	-0.999274	0
19	6	0	0.0360901	-0.999349	0
19	7	0	-0.844022	-0.536308	0
19	8	0	-0.260755	-0.965405	0
19	9	0	-0.311277	-0.950319	0
19	10	0	0.945386	-0.325954	0
19	11	0	-0.948619	-0.316421	0
19	12	0	0.990312	0.138859	0
19	13	0	-0.250931	0.968005	0
19	14	0	0.284095	0.958796	0
19	15	0	-0.988606	0.150528	0
19	16	0	0.114465	0.993427	0
19	17	0	0.944318	0.329034	0
19	18	0	-0.858212	0.513295	0
19	19	0	-0.709526	0.704679	0
19	20	0	-0.290614	0.95684	0
19	21	0	0.341274	0.939964	0
19	22	0	0.789924	0.613205	0
19	23	0	0.993531	0.11356	0
19	24	0	-0.945915	-0.324414	0
19	25	0	0.577743	0.816219	0
19	26	0	-0.999986	-0.00536972	0
19	27	0	-0.116465	0.993195	0
19	28	0	-0.0388679	0.999244	0
19	29	0	-0.189027	0.981972	0
19	30	0	-0.563333	0.82623	0
19	31	0	-0.935383	-0.353636	0
19	32	0	0.478371	0.878158	0
19	33	0	-0.978986	0.203928	0
19	34	0	0.566577	0.824009	0
19	35	0	0.321737	0.946829	0
19	36	0	-0.297944	0.954583	0
19	37	0	0.920875	0.389858	0
19	38	0	-0.993411	0.114609	0
19	39	0	0.658726	0.752383	0
19	40	0	0.280783	0.959771	0
19	41	0	0.989552	0.144174	0
19	42	0	-0.704236	0.709966	0
19	43	0	-0.878456	0.477824	0
19	44	0	-0.805361	0.592785	0
19	45	0	-0.621689	0.783264	0
19	46	0	-0.62274	0.782429	0
19	47	0	-0.870173	0.492746	0
19	48	0	0.360666	0.932695	0
19	49	0	0.70185	0.712324	0
20	0	0	-0.390431	0.920632	0
20	1	0	-0.957382	0.288826	0
20	2	0	-0.392549	-0.919731	0
20	3	0	-0.0628055	-0.998026	0
20	4	0	-0.801135	-0.598484	0
20	5	0	0.0408803	-0.999164	0
20	6	0	0.12132	-0.992613	0
20	7	0	-0.260755	-0.965405	0
20	8	0	-0.129215	-0.991617	0
20	9	0	-0.568077	-0.822976	0
20	10	0	-0.706411	-0.707802	0
20	11	0	-0.761188	-0.648531	0
20	12	0	-0.560954	0.827847	0
20	13	0	0.773423	0.63389	0
20	14	0	-0.96717	0.254132	0
20	15	0	-0.46221	0.88677	0
20	16	0	-0.404332	0.914612	0
20	17	0	0.617399	0.78665	0
20	18	0	0.949615	0.313418	0
20	19	0	-0.396777	0.917915	0
20	20	0	-0.788098	0.61555	0
20	21	0	0.715781	0.698324	0
20	22	0	0.957906	-0.28708	0
20	23	0	-0.849935	0.526888	0
20	24	0	0.989936	-0.141517	0
20	25	0	0.12132	0.992613	0
20	26	0	-0.999991	-0.00421922	0
20	27	0	-0.981488	0.191522	0
20	28	0	-0.672676	0.739938	0
20	29	0	-0.536914	0.843637	0
20	30	0	-0.604572	0.79655	0
20	31	0	0.704441	0.709763	0
20	32	0	0.214288	0.976771	0
20	33	0	-0.476433	0.879211	0
20	34	0	-0.986433	0.164162	0
20	35	0	0.0514155	0.998677	0
20	36	0	0.20829	0.978067	0
20	37	0	-0.98123	0.192839	0
20	38	0	0.612712	0.790306	0
20	39	0	-0.38389	0.923379	0
20	40	0	0.0883313	0.996091	0
20	41	0	-0.415351	0.909661	0
20	42	0	-0.708715	0.705495	0
20	43	0	0.194203	0.980961	0
20	44	0	0.707429	0.706785	0
20	45	0	0.588646	0.808391	0
20	46	0	-0.862124	0.506697	0
20	47	0	-0.769212	0.638994	0
20	48	0	-0.979645	0.200736	0
20	49	0	-0.147066	0.989127	0
21	0	0	0.948831	0.315784	0
21	1	0	-0.998869	0.0475376	0
21	2	0	-0.133967	-0.990986	0
21	3	0	0.871634	-0.490156	0
21	4	0	-0.55379	-0.832656	0
21	5	0	-0.873367	-0.487062	0
21	6	0	0.999943	0.0106421	0
21	7	0	-0.044807	-0.998996	0
21	8	0	-0.0281358	-0.999604	0
21	9	0	-0.832417	-0.55415	0
21	10	0	-0.227472	-0.973785	0
21	11	0	-0.979722	-0.20036	0
21	12	0	-0.132637	0.991165	0
21	13	0	-0.136247	0.990675	0
21	14	0	0.937435	0.348159	0
21	15	0	-0.346945	0.937885	0
21	16	0	-0.597984	0.801508	0
21	17	0	0.490616	0.871376	0
21	18	0	0.970239	-0.24215	0
21	19	0	-0.99867	0.0515594	0
21	20	0	-0.681565	0.731757	0
21	21	0	0.60358	0.797303	0
21	22	0	-0.139476	0.990226	0
21	23	0	-0.384421	0.923158	0
21	24	0	0.689314	0.724462	0
21	25	0	0.670189	0.74219	0
21	26	0	-0.975952	0.217986	0
21	27	0	0.926747	0.375686	0
21	28	0	0.801078	0.59856	0
21	29	0	-0.729892	0.683563	0
21	30	0	0.453602	0.891204	0
21	31	0	-0.805361	0.592785	0
21	32	0	-0.30014	0.953895	0
21	33	0	-0.930201	0.367052	0
21	34	0	-0.706818	0.707395	0
21	35	0	-0.584375	0.811484	0
21	36	0	-0.786087	0.618116	0
21	37	0	0.942088	0.335365	0
21	38	0	-0.174319	0.984689	0
21	39	0	0.662468	0.74909	0
21	40	0	0.929601	0.368567	0
21	41	0	0.711348	0.70284	0
21	42	0	0.887147	0.461487	0
21	43	0	-0.994644	-0.103363	0
21	44	0	-0.657209	0.753709	0
21	45	0	-0.639251	0.768998	0
21	46	0	0.10913	0.994027	0
21	47	0	0.260663	0.96543	0
21	48	0	0.416311	0.909222	0
21	49	0	0.926386	0.376574	0
22	0	0	-0.96673	0.255801	0
22	1	0	0.781503	-0.623902	0
22	2	0	-0.237915	-0.971286	0
22	3	0	0.884388	-0.466753	0
22	4	0	-0.416572	-0.909103	0
22	5	0	0.0661548	-0.997809	0
22	6	0	-0.657642	-0.75333	0
22	7	0	0.994614	-0.103648	0
22	8	0	-0.992051	-0.12584	0
22	9	0	-0.999036	-0.0438981	0
22	10	0	0.0105945	-0.999944	0
22	11	0	0.502931	-0.864327	0
22	12	0	-0.8168	0.576921	0
22	13	0	0.972023	0.234888	0
22	14	0	-0.112274	0.993677	0
22	15	0	-0.950065	0.312052	0
22	16	0	0.680091	-0.733128	0
22	17	0	-0.98849	-0.151286	0
22	18	0	0.411948	-0.911208	0
22	19	0	-0.981193	-0.193028	0
22	20	0	0.999996	0.00278042	0
22	21	0	0.270646	0.962679	0
22	22	0	0.0999762	0.99499	0
22	23	0	-0.439102	0.898437	0
22	24	0	0.604802	0.796376	0
22	25	0	0.819172	0.573548	0
22	26	0	0.0854659	0.996341	0
22	27	0	-0.558093	0.829778	0
22	28	0	0.968687	0.248285	0
22	29	0	0.0115532	0.999933	0
22	30	0	0.595908	0.803053	0
22	31	0	-0.995855	0.0909576	0
22	32	0	0.989162	0.14683	0
22	33	0	0.700483	-0.713669	0
22	34	0	0.823112	0.56788	0
22	35	0	0.744339	0.667802	0
22	36	0	-0.98498	0.172668	0
22	37	0	0.241546	-0.970389	0
22	38	0	0.82049	0.571662	0
22	39	0	-0.745426	0.666588	0
22	40	0	0.910555	0.413388	0
22	41	0	-0.908923	0.416965	0
22	42	0	0.741644	0.670794	0
22	43	0	0.978415	-0.206649	0
22	44	0	-0.997999	-0.0632371	0
22	45	0	-0.986932	-0.161135	0
22	46	0	-0.662252	0.749281	0
22	47	0	0.923691	0.383137	0
22	48	0	0.311187	0.950349	0
22	49	0	0.497951	0.867205	0
23	0	0	0.800274	0.599635	0
23	1	0	0.999959	-0.00910816	0
23	2	0	0.930658	-0.365891	0
23	3	0	-0.970122	-0.242616	0
23	4	0	0.721249	-0.692675	0
23	5	0	-0.106365	-0.994327	0
23	6	0	-0.923507	-0.383581	0
23	7	0	-0.635113	-0.772419	0
23	8	0	-0.974682	0.223596	0
23	9	0	0.775243	-0.631663	0
23	10	0	0.864013	-0.503469	0
23	11	0	-0.886837	-0.462083	0
23	12	0	0.834166	0.551513	0
23	13	0	0.340553	0.940225	0
23	14	0	0.99996	0.00891642	0
23	15	0	-0.876155	-0.48203	0
23	16	0	-0.70614	-0.708073	0
23	17	0	0.334416	-0.942425	0
23	18	0	-0.196741	-0.980455	0
23	19	0	-0.912408	-0.409281	0
23	20	0	0.849581	0.527458	0
23	21	0	-0.210633	0.977565	0
23	22	0	0.183093	0.983096	0
23	23	0	0.92811	0.372307	0
23	24	0	-0.704509	0.709696	0
23	25	0	0.000431772	1	0
23	26	0	0.317376	0.9483	0
23	27	0	0.143178	0.989697	0
23	28	0	-0.668836	0.74341	0
23	29	0	-0.118559	0.992947	0
23	30	0	-0.363972	0.93141	0
23	31	0	0.944633	0.328129	0
23	32	0	-0.771901	0.635743	0
23	33	0	0.892916	0.450223	0
23	34	0	-0.983696	-0.17984	0
23	35	0	-0.999553	0.0299097	0
23	36	0	-0.931532	-0.36366	0
23	37	0	0.732443	-0.680828	0
23	38	0	0.0435625	0.999051	0
23	39	0	-0.482659	0.875809	0
23	40	0	-0.745426	0.666588	0
23	41	0	-0.116084	0.993239	0
23	42	0	0.999484	0.0321132	0
23	43	0	-0.968281	-0.249864	0
23	44	0	-0.95243	-0.304756	0
23	45	0	-0.877446	-0.479676	0
23	46	0	0.523338	0.852125	0
23	47	0	0.185731	0.982601	0
23	48	0	0.995231	-0.097543	0
23	49	0	0.998239	-0.0593128	0
24	0	0	0.851899	0.523706	0
24	1	0	-0.89018	-0.455609	0
24	2	0	0.805077	-0.593171	0
24	3	0	0.261774	-0.965129	0
24	4	0	0.988417	-0.151759	0
24	5	0	0.815082	-0.579345	0
24	6	0	-0.953592	-0.301101	0
24	7	0	0.954197	-0.29918	0
24	8	0	-0.508637	-0.860981	0
24	9	0	-0.275534	-0.961291	0
24	10	0	-0.31892	-0.947781	0
24	11	0	0.834589	-0.550873	0
24	12	0	-0.684925	-0.728613	0
24	13	0	0.414741	-0.909939	0
24	14	0	-0.927859	-0.37293	0
24	15	0	0.11237	-0.993666	0
24	16	0	-0.937268	-0.348609	0
24	17	0	0.194955	-0.980812	0
24	18	0	-0.695333	-0.718688	0
24	19	0	-0.155785	-0.987791	0
24	20	0	0.985522	0.16955	0
24	21	0	-0.448896	0.893584	0
24	22	0	-0.985989	0.16681	0
24	23	0	-0.96599	0.25858	0
24	24	0	0.959919	0.280277	0
24	25	0	-0.648494	0.76122	0
24	26	0	-0.656052	0.754716	0
24	27	0	-0.995872	-0.0907667	0
24	28	0	-0.231764	0.972772	0
24	29	0	-0.417443	0.908703	0
24	30	0	-0.292265	0.956337	0
24	31	0	-0.18526	0.98269	0
24	32	0	0.543772	0.839233	0
24	33	0	0.301512	0.953462	0
24	34	0	-0.196177	0.980568	0
24	35	0	-0.880827	0.473439	0
24	36	0	-0.547066	0.837089	0
24	37	0	-0.0463395	-0.998926	0
24	38	0	0.99997	0.00776594	0
24	39	0	-0.989566	0.14408	0
24	40	0	-0.888954	-0.457997	0
24	41	0	-0.98123	-0.192839	0
24	42	0	0.618907	-0.785464	0
24	43	0	0.21616	-0.976358	0
24	44	0	0.843663	-0.536874	0
24	45	0	-0.423359	-0.905962	0
24	46	0	0.296572	0.955011	0
24	47	0	-0.413781	0.910377	0
24	48	0	0.0320656	0.999486	0
24	49	0	-0.66254	0.749027	0
25	0	0	-0.933814	0.357758	0
25	1	0	0.987071	-0.160283	0
25	2	0	0.631924	-0.775031	0
25	3	0	-0.348923	-0.937152	0
25	4	0	-0.54208	-0.840327	0
25	5	0	-0.808532	-0.588453	0
25	6	0	-0.676215	-0.736704	0
25	7	0	-0.983174	-0.182669	0
25	8	0	-0.417618	-0.908623	0
25	9	0	-0.414828	-0.9099	0
25	10	0	-0.0049373	-0.999988	0
25	11	0	0.902956	-0.429733	0
25	12	0	0.571937	-0.820297	0
25	13	0	0.968687	-0.248285	0
25	14	0	0.509546	-0.860444	0
25	15	0	-0.687993	-0.725717	0
25	16	0	-0.911464	-0.41138	0
25	17	0	-0.941476	-0.337081	0
25	18	0	-0.789394	-0.613887	0
25	19	0	-0.571228	-0.820791	0
25	20	0	0.934396	-0.356235	0
25	21	0	-0.310548	0.950558	0
25	22	0	-0.790687	0.61222	0
25	23	0	-0.897994	0.440007	0
25	24	0	-0.695057	0.718954	0
25	25	0	-0.439447	0.898269	0
25	26	0	0.763608	0.64568	0
25	27	0	0.95339	0.301741	0
25	28	0	0.470945	0.882163	0
25	29	0	0.952868	0.303385	0
25	30	0	0.195896	0.980625	0
25	31	0	-0.950005	0.312235	0
25	32	0	-0.993715	0.111941	0
25	33	0	0.137482	0.990504	0
25	34	0	0.827766	0.561073	0
25	35	0	0.140141	0.990132	0
25	36	0	-0.675508	0.737352	0
25	37	0	-0.321282	-0.946984	0
25	38	0	0.807119	0.590388	0
25	39	0	0.996843	0.0793981	0
25	40	0	0.614529	-0.788894	0
25	41	0	-0.125791	-0.992057	0
25	42	0	0.990837	-0.13506	0
25	43	0	0.357624	-0.933866	0
25	44	0	-0.947398	-0.320057	0
25	45	0	0.475506	-0.879713	0
25	46	0	-0.994012	-0.109273	0
25	47	0	-0.0782987	0.99693	0
25	48	0	0.99637	0.0851312	0
25	49	0	-0.0889992	0.996032	0
26	0	0	-0.801708	0.597716	0
26	1	0	0.995175	-0.0981155	0
26	2	0	0.462126	-0.886815	0
26	3	0	0.972382	-0.233396	0
26	4	0	0.902709	-0.430252	0
26	5	0	0.51728	-0.855816	0
26	6	0	0.578368	-0.815776	0
26	7	0	-0.486014	-0.873951	0
26	8	0	0.249725	-0.968317	0
26	9	0	-0.191851	-0.981424	0
26	10	0	-0.884701	-0.46616	0
26	11	0	0.0648154	-0.997897	0
26	12	0	-0.35054	-0.936548	0
26	13	0	0.585542	-0.810642	0
26	14	0	0.38734	-0.921937	0
26	15	0	0.125887	-0.992045	0
26	16	0	-0.105793	-0.994388	0
26	17	0	-0.919184	-0.393828	0
26	18	0	0.176491	-0.984302	0
26	19	0	-0.632889	-0.774243	0
26	20	0	0.544094	-0.839024	0
26	21	0	-0.961384	0.275212	0
26	22	0	0.995137	0.0984972	0
26	23	0	-0.991486	0.130214	0
26	24	0	-0.526194	0.850364	0
26	25	0	0.735309	0.677732	0
26	26	0	0.967679	0.252184	0
26	27	0	0.793789	0.608194	0
26	28	0	0.908322	0.418271	0
26	29	0	-0.171108	0.985252	0
26	30	0	0.637259	0.77065	0
26	31	0	0.328446	0.944523	0
26	32	0	-0.0624227	0.99805	0
26	33	0	-0.675367	0.737482	0
26	34	0	-0.546424	0.837509	0
26	35	0	0.886704	0.462338	0
26	36	0	-0.227098	0.973872	0
26	37	0	-0.990954	0.134205	0
26	38	0	0.925953	-0.37764	0
26	39	0	-0.965142	0.261728	0
26	40	0	0.999216	0.0395867	0
26	41	0	0.120749	-0.992683	0
26	42	0	-0.909402	-0.415919	0
26	43	0	-0.0323524	0.999477	0
26	44	0	-0.99365	-0.112513	0
26	45	0	0.999178	-0.0405447	0
26	46	0	0.747914	-0.663796	0
26	47	0	-0.902089	-0.43155	0
26	48	0	0.673031	-0.739615	0
26	49	0	-0.961225	0.275765	0
27	0	0	-0.637775	-0.770223	0
27	1	0	0.522358	-0.852726	0
27	2	0	-0.0509361	-0.998702	0
27	3	0	0.245823	-0.969315	0
27	4	0	-0.949163	-0.314784	0
27	5	0	-0.99895	-0.0458137	0
27	6	0	-0.468151	0.883648	0
27	7	0	-0.90772	-0.419578	0
27	8	0	-0.186578	-0.98244	0
27	9	0	0.314465	-0.949269	0
27	10	0	-0.229525	-0.973303	0
27	11	0	0.589731	-0.8076	0
27	12	0	-0.864928	-0.501895	0
27	13	0	0.0801152	-0.996786	0
27	14	0	-0.654313	-0.756223	0
27	15	0	-0.202566	-0.979269	0
27	16	0	0.923691	-0.383137	0
27	17	0	-0.435653	-0.900115	0
27	18	0	0.674023	-0.73871	0
27	19	0	-0.782757	-0.622328	0
27	20	0	0.958017	0.286713	0
27	21	0	-0.0555316	0.998457	0
27	22	0	0.5026	-0.864519	0
27	23	0	-0.935654	-0.352919	0
27	24	0	0.202848	0.97921	0
27	25	0	0.342896	0.939373	0
27	26	0	-0.699319	0.71481	0
27	27	0	0.911188	0.411991	0
27	28	0	-0.677626	0.735406	0
27	29	0	-0.872619	0.488401	0
27	30	0	-0.281427	0.959583	0
27	31	0	-0.999998	-0.00210994	0
27	32	0	0.661318	0.750105	0
27	33	0	0.733877	0.679282	0
27	34	0	0.827874	0.560915	0
27	35	0	0.833637	0.552312	0
27	36	0	-0.343166	0.939275	0
27	37	0	-0.991209	0.132305	0
27	38	0	-0.115893	-0.993262	0
27	39	0	-0.96489	-0.262653	0
27	40	0	-0.068737	-0.997635	0
27	41	0	0.0322572	-0.99948	0
27	42	0	0.833425	-0.552632	0
27	43	0	-0.278666	-0.960388	0
27	44	0	0.14071	-0.990051	0
27	45	0	-0.809208	-0.587522	0
27	46	0	0.726541	-0.687123	0
27	47	0	0.14052	-0.990078	0
27	48	0	-0.269999	-0.962861	0
27	49	0	-0.945166	-0.326589	0
28	0	0	0.791802	-0.610778	0
28	1	0	0.607852	-0.794051	0
28	2	0	0.643444	-0.765493	0
28	3	0	0.492119	-0.870528	0
28	4	0	-0.988692	-0.149959	0
28	5	0	-0.16487	-0.986315	0
28	6	0	-0.793146	-0.609031	0
28	7	0	0.572252	-0.820078	0
28	8	0	-0.957658	-0.287907	0
28	9	0	0.50839	-0.861127	0
28	10	0	-0.299043	-0.95424	0
28	11	0	0.201909	-0.979404	0
28	12	0	0.615134	-0.788422	0
28	13	0	0.979857	-0.199702	0
28	14	0	0.254734	-0.967011	0
28	15	0	-0.18752	-0.982261	0
28	16	0	-0.810446	-0.585814	0
28	17	0	-0.783472	-0.621427	0
28	18	0	0.252694	-0.967546	0
28	19	0	-0.555864	-0.831273	0
28	20	0	0.471452	-0.881891	0
28	21	0	-0.420925	0.907095	0
28	22	0	-0.999343	-0.0362341	0
28	23	0	0.998523	-0.0543353	0
28	24	0	0.791567	-0.611082	0
28	25	0	-0.918579	-0.395237	0
28	26	0	0.252509	0.967595	0
28	27	0	0.786975	0.616984	0
28	28	0	0.0194141	0.999812	0
28	29	0	-0.701918	0.712258	0
28	30	0	-0.851748	0.523951	0
28	31	0	-0.482323	0.875994	0
28	32	0	0.78662	0.617437	0
28	33	0	0.338028	0.941136	0
28	34	0	-0.213444	0.976955	0
28	35	0	-0.587172	0.809462	0
28	36	0	0.96436	0.264595	0
28	37	0	0.373686	0.927555	0
28	38	0	0.788747	0.614718	0
28	39	0	-0.999086	0.0427486	0
28	40	0	-0.801823	-0.597562	0
28	41	0	0.849682	-0.527295	0
28	42	0	-0.985178	-0.171534	0
28	43	0	0.383093	-0.92371	0
28	44	0	0.0558195	-0.998441	0
28	45	0	-0.487187	-0.873298	0
28	46	0	-0.133777	-0.991011	0
28	47	0	-0.373952	-0.927448	0
28	48	0	-0.648056	-0.761593	0
28	49	0	-0.083459	-0.996511	0
29	0	0	-0.955591	-0.294695	0
29	1	0	0.994454	-0.105174	0
29	2	0	-0.9384	-0.345552	0
29	3	0	-0.970493	-0.241128	0
29	4	0	-0.860761	-0.50901	0
29	5	0	0.916559	-0.399899	0
29	6	0	-0.972449	-0.233117	0
29	7	0	0.894121	-0.447825	0
29	8	0	-0.723172	-0.690668	0
29	9	0	0.839936	-0.542685	0
29	10	0	0.82049	-0.571662	0
29	11	0	0.855891	-0.517156	0
29	12	0	0.543611	-0.839337	0
29	13	0	-0.444778	-0.895641	0
29	14	0	-0.941282	-0.337622	0
29	15	0	0.206602	-0.978425	0
29	16	0	-0.999902	0.0139982	0
29	17	0	0.744851	-0.667231	0
29	18	0	-0.952138	-0.305669	0
29	19	0	0.556581	-0.830793	0
29	20	0	0.88214	-0.470987	0
29	21	0	-0.959407	0.282026	0
29	22	0	0.794138	0.607737	0
29	23	0	-0.303796	0.952737	0
29	24	0	0.858754	0.512389	0
29	25	0	0.538774	0.842451	0
29	26	0	0.71538	0.698736	0
29	27	0	-0.358787	0.93342	0
29	28	0	-0.999535	0.0304847	0
29	29	0	-0.789159	0.614189	0
29	30	0	0.787921	0.615776	0
29	31	0	0.167991	0.985789	0
29	32	0	0.4074	0.91325	0
29	33	0	-0.449752	0.893153	0
29	34	0	-0.605488	0.795854	0
29	35	0	0.377063	0.926188	0
29	36	0	-0.322916	0.946428	0
29	37	0	0.918541	0.395325	0
29	38	0	0.981175	-0.193121	0
29	39	0	-0.999529	-0.0306764	0
29	40	0	0.913309	-0.407268	0
29	41	0	0.677556	-0.735471	0
29	42	0	0.872573	-0.488484	0
29	43	0	0.749566	-0.661929	0
29	44	0	0.874997	-0.484128	0
29	45	0	-0.719187	-0.694817	0
29	46	0	0.522031	-0.852927	0
29	47	0	0.78389	-0.6209	0
29	48	0	-0.953071	-0.302747	0
29	49	0	0.998351	-0.0573986	0
30	0	0	0.87201	-0.489488	0
30	1	0	0.777298	-0.629133	0
30	2	0	-0.167329	-0.985901	0
30	3	0	-0.865025	-0.501729	0
30	4	0	-0.581726	-0.813385	0
30	5	0	-0.261311	-0.965255	0
30	6	0	-0.853152	-0.521663	0
30	7	0	0.410199	-0.911996	0
30	8	0	0.984362	-0.17616	0
30	9	0	0.68848	-0.725255	0
30	10	0	0.496953	-0.867778	0
30	11	0	-0.878364	-0.477992	0
30	12	0	0.752099	-0.65905	0
30	13	0	-0.623639	-0.781712	0
30	14	0	0.191757	-0.981442	0
30	15	0	-0.453858	-0.891074	0
30	16	0	0.927609	-0.373552	0
30	17	0	-0.999384	0.0350843	0
30	18	0	-0.18149	-0.983393	0
30	19	0	-0.781083	-0.624427	0
30	20	0	0.992884	0.119083	0
30	21	0	0.0915779	-0.995798	0
30	22	0	-0.998932	0.0461968	0
30	23	0	0.887412	0.460977	0
30	24	0	-0.128834	0.991666	0
30	25	0	-0.780364	0.625325	0
30	26	0	-0.981341	0.192275	0
30	27	0	0.681916	-0.73143	0
30	28	0	-0.823492	0.567327	0
30	29	0	0.990708	0.13601	0
30	30	0	-0.170919	0.985285	0
30	31	0	0.32464	0.945838	0
30	32	0	0.990863	0.13487	0
30	33	0	0.371729	0.928341	0
30	34	0	0.858852	0.512224	0
30	35	0	-0.0924365	0.995719	0
30	36	0	-0.544334	0.838868	0
30	37	0	0.766941	0.641718	0
30	38	0	0.897952	-0.440093	0
30	39	0	0.16156	-0.986863	0
30	40	0	0.0946326	-0.995512	0
30	41	0	-0.839572	-0.543249	0
30	42	0	-0.871023	-0.491243	0
30	43	0	-0.0193176	-0.999813	0
30	44	0	-0.57233	-0.820024	0
30	45	0	0.647983	-0.761654	0
30	46	0	0.635632	-0.771992	0
30	47	0	0.987709	-0.156307	0
30	48	0	-0.829215	-0.558929	0
30	49	0	0.861687	-0.50744	0
31	0	0	-0.377684	-0.925935	0
31	1	0	0.552273	-0.833664	0
31	2	0	-0.855543	-0.517731	0
31	3	0	-0.129595	-0.991567	0
31	4	0	0.369948	-0.929052	0
31	5	0	-0.565865	-0.824498	0
31	6	0	0.543933	-0.839129	0
31	7	0	-0.412733	-0.910852	0
31	8	0	0.139571	-0.990212	0
31	9	0	-0.273321	-0.961923	0
31	10	0	-0.468151	-0.883648	0
31	11	0	0.510535	-0.859857	0
31	12	0	-0.916674	-0.399636	0
31	13	0	0.999928	-0.0119843	0
31	14	0	-0.974078	-0.226212	0
31	15	0	-0.363793	-0.93148	0
31	16	0	0.943939	0.330121	0
31	17	0	-0.85425	-0.519862	0
31	18	0	-0.429949	-0.902853	0
31	19	0	0.993553	-0.11337	0
31	20	0	0.984664	-0.174461	0
31	21	0	0.313555	-0.94957	0
31	22	0	-0.00877228	-0.999962	0
31	23	0	-0.921955	-0.387296	0
31	24	0	0.171581	0.98517	0
31	25	0	0.306262	0.951947	0
31	26	0	-0.439619	0.898184	0
31	27	0	-0.423706	0.9058	0
31	28	0	0.684996	0.728547	0
31	29	0	-0.279402	0.960174	0
31	30	0	-0.998976	0.045239	0
31	31	0	0.0688333	0.997628	0
31	32	0	0.245823	0.969315	0
31	33	0	-0.956659	0.291211	0
31	34	0	-0.634817	0.772663	0
31	35	0	0.994001	0.109368	0
31	36	0	0.263809	0.964575	0
31	37	0	0.0387727	0.999248	0
31	38	0	-0.879461	0.47597	0
31	39	0	0.998491	0.0549097	0
31	40	0	-0.832204	-0.554469	0
31	41	0	-0.459487	-0.888184	0
31	42	0	-0.886127	-0.463443	0
31	43	0	0.203599	-0.979054	0
31	44	0	0.745363	-0.666659	0
31	45	0	0.621464	-0.783443	0
31	46	0	0.995508	-0.09468	0
31	47	0	0.908883	-0.417051	0
31	48	0	-0.633927	-0.773393	0
31	49	0	-0.987663	-0.156591	0
32	0	0	-0.892094	-0.45185	0
32	1	0	-0.999469	-0.032593	0
32	2	0	-0.860077	-0.510165	0
32	3	0	0.849885	-0.526969	0
32	4	0	-0.0335023	-0.999439	0
32	5	0	-0.381764	-0.92426	0
32	6	0	-0.802624	-0.596485	0
32	7	0	0.885638	-0.464377	0
32	8	0	0.437465	-0.899235	0
32	9	0	0.985195	-0.171439	0
32	10	0	-0.449581	-0.89324	0
32	11	0	-0.520803	-0.853677	0
32	12	0	0.134633	-0.990896	0
32	13	0	0.999995	-0.00316393	0
32	14	0	-0.6866	-0.727035	0
32	15	0	-0.5929	-0.805276	0
32	16	0	-0.983209	-0.18248	0
32	17	0	0.971069	-0.2388	0
32	18	0	-0.183186	-0.983078	0
32	19	0	-0.913348	-0.407181	0
32	20	0	-0.281243	-0.959637	0
32	21	0	-0.322553	-0.946551	0
32	22	0	-0.351078	-0.936346	0
32	23	0	-0.311824	-0.95014	0
32	24	0	-0.963363	-0.268199	0
32	25	0	0.832364	0.554229	0
32	26	0	0.0703636	0.997521	0
32	27	0	0.275258	0.96137	0
32	28	0	0.426744	0.904372	0
32	29	0	-0.225044	0.974349	0
32	30	0	-0.880282	0.474452	0
32	31	0	-0.900594	0.434662	0
32	32	0	-0.558571	0.829457	0
32	33	0	0.0563938	0.998409	0
32	34	0	-0.788452	0.615097	0
32	35	0	-0.925336	0.379149	0
32	36	0	-0.82273	0.568432	0
32	37	0	-0.596292	0.802768	0
32	38	0	-0.781442	0.623977	0
32	39	0	0.634595	0.772845	0
32	40	0	-0.963209	0.268754	0
32	41	0	0.735698	-0.677309	0
32	42	0	0.489781	-0.871846	0
32	43	0	0.39968	-0.916655	0
32	44	0	-0.760566	-0.649261	0
32	45	0	0.729433	-0.684052	0
32	46	0	0.913387	-0.407093	0
32	47	0	0.455993	-0.889983	0
32	48	0	0.107224	-0.994235	0
32	49	0	0.994189	-0.107652	0
33	0	0	0.984731	-0.174084	0
33	1	0	-0.321282	-0.946984	0
33	2	0	-0.27369	-0.961818	0
33	3	0	0.0230566	-0.999734	0
33	4	0	0.996499	-0.0836027	0
33	5	0	-0.469506	-0.882929	0
33	6	0	0.931984	-0.362498	0
33	7	0	0.179887	-0.983687	0
33	8	0	0.573352	-0.819309	0
33	9	0	-0.942698	-0.333648	0
33	10	0	-0.848517	-0.529168	0
33	11	0	-0.0809747	-0.996716	0
33	12	0	0.677556	-0.735471	0
33	13	0	0.202097	-0.979366	0
33	14	0	-0.24108	-0.970505	0
33	15	0	0.45155	-0.892246	0
33	16	0	-0.95078	-0.309865	0
33	17	0	-0.735893	-0.677098	0
33	18	0	-0.00743005	-0.999972	0
33	19	0	0.822894	-0.568195	0
33	20	0	-0.613545	-0.78966	0
33	21	0	-0.708309	-0.705903	0
33	22	0	0.778021	-0.628238	0
33	23	0	-0.209883	-0.977726	0
33	24	0	-0.327812	-0.944743	0
33	25	0	0.954311	-0.298814	0
33	26	0	-0.0739011	0.997266	0
33	27	0	0.913543	-0.406742	0
33	28	0	0.654386	0.75616	0
33	29	0	-0.336132	0.941815	0
33	30	0	-0.457101	0.889415	0
33	31	0	0.440911	0.897551	0
33	32	0	-0.973379	0.2292	0
33	33	0	0.252323	0.967643	0
33	34	0	-0.323642	0.94618	0
33	35	0	-0.651263	0.758852	0
33	36	0	-0.956155	0.292862	0
33	37	0	0.0426046	0.999092	0
33	38	0	-0.974467	0.224531	0
33	39	0	-0.680723	0.732541	0
33	40	0	-0.869037	0.494747	0
33	41	0	0.945698	0.325048	0
33	42	0	0.907599	-0.419838	0
33	43	0	0.978573	-0.205898	0
33	44	0	-0.194296	-0.980943	0
33	45	0	-0.884701	-0.46616	0
33	46	0	0.336403	-0.941718	0
33	47	0	-0.919109	-0.394004	0
33	48	0	0.848568	-0.529086	0
33	49	0	-0.667409	-0.744691	0
34	0	0	0.0105945	-0.999944	0
34	1	0	-0.429429	-0.9031	0
34	2	0	0.998481	-0.0551012	0
34	3	0	0.117322	-0.993094	0
34	4	0	-0.997133	0.0756708	0
34	5	0	-0.865601	0.500734	0
34	6	0	-0.721448	-0.692468	0
34	7	0	0.214662	-0.976688	0
34	8	0	0.267137	-0.963659	0
34	9	0	0.983367	-0.181631	0
34	10	0	0.277469	-0.960735	0
34	11	0	0.56024	-0.82833	0
34	12	0	0.987588	-0.157064	0
34	13	0	-0.374664	-0.927161	0
34	14	0	0.994147	-0.108034	0
34	15	0	-0.911858	-0.410506	0
34	16	0	-0.477444	-0.878662	0
34	17	0	0.942153	-0.335184	0
34	18	0	-0.79536	-0.606137	0
34	19	0	0.998194	-0.0600785	0
34	20	0	-0.944412	-0.328763	0
34	21	0	0.16818	-0.985756	0
34	22	0	0.986606	-0.163121	0
34	23	0	0.953563	-0.301192	0
34	24	0	-0.8729	-0.487899	0
34	25	0	0.953274	-0.302106	0
34	26	0	0.662612	0.748963	0
34	27	0	-0.747468	-0.664298	0
34	28	0	0.537319	-0.843379	0
34	29	0	-0.717987	0.696057	0
34	30	0	0.998919	0.0464834	0
34	31	0	-0.76069	0.649115	0
34	32	0	0.186108	0.982529	0
34	33	0	0.957686	0.287815	0
34	34	0	-0.256495	0.966546	0
34	35	0	0.680793	0.732475	0
34	36	0	-0.628275	0.777991	0
34	37	0	0.0355152	0.999369	0
34	38	0	0.974316	0.225184	0
34	39	0	0.63578	0.771871	0
34	40	0	0.934533	0.355877	0
34	41	0	0.857769	-0.514035	0
34	42	0	0.724826	-0.688932	0
34	43	0	0.675155	-0.737676	0
34	44	0	0.935214	-0.354084	0
34	45	0	0.994022	0.109177	0
34	46	0	-0.518017	-0.85537	0
34	47	0	-0.393078	-0.919505	0
34	48	0	-0.998141	-0.0609405	0
34	49	0	-0.773483	-0.633817	0
35	0	0	-0.967607	-0.252463	0
35	1	0	-0.176396	-0.984319	0
35	2	0	0.0374314	-0.999299	0
35	3	0	0.845306	-0.534283	0
35	4	0	0.263254	-0.964727	0
35	5	0	0.935958	-0.352111	0
35	6	0	-0.670402	-0.741998	0
35	7	0	0.961936	-0.273275	0
35	8	0	-0.621689	-0.783264	0
35	9	0	-0.348384	-0.937352	0
35	10	0	-0.198057	-0.98019	0
35	11	0	-0.887633	-0.460552	0
35	12	0	0.387694	-0.921788	0
35	13	0	-0.621689	-0.783264	0
35	14	0	0.782936	-0.622102	0
35	15	0	-0.997913	0.0645766	0
35	16	0	-0.961278	0.275581	0
35	17	0	0.972739	0.231904	0
35	18	0	0.757883	-0.65239	0
35	19	0	-0.996971	-0.0777739	0
35	20	0	-0.0811658	-0.996701	0
35	21	0	-0.753046	-0.657968	0
35	22	0	0.83596	0.548791	0
35	23	0	-0.574529	-0.818484	0
35	24	0	-0.994604	-0.103744	0
35	25	0	0.975638	-0.219388	0
35	26	0	-0.866177	0.499738	0
35	27	0	0.573823	-0.818979	0
35	28	0	-0.159762	-0.987156	0
35	29	0	0.829055	0.559167	0
35	30	0	-0.977027	0.213117	0
35	31	0	-0.819666	0.572841	0
35	32	0	0.807459	0.589924	0
35	33	0	0.999261	-0.0384371	0
35	34	0	0.5107	0.859759	0
35	35	0	0.472974	0.881077	0
35	36	0	0.705257	0.708952	0
35	37	0	0.00484208	0.999988	0
35	38	0	0.248425	0.968651	0
35	39	0	0.977897	0.209087	0
35	40	0	-0.804109	0.594483	0
35	41	0	0.990524	-0.137339	0
35	42	0	0.471622	-0.881801	0
35	43	0	0.456334	-0.889809	0
35	44	0	0.969114	-0.246613	0
35	45	0	0.867849	-0.496828	0
35	46	0	0.853502	-0.52109	0
35	47	0	-0.883176	-0.469041	0
35	48	0	-0.724759	-0.689002	0
35	49	0	0.510535	-0.859857	0
36	0	0	-0.594443	-0.804138	0
36	1	0	-0.0164418	-0.999865	0
36	2	0	-0.764165	-0.645021	0
36	3	0	-0.801479	-0.598023	0
36	4	0	0.371017	-0.928626	0
36	5	0	-0.46204	-0.886859	0
36	6	0	0.998307	-0.0581643	0
36	7	0	0.958071	-0.286529	0
36	8	0	0.570206	-0.821502	0
36	9	0	0.871728	-0.489989	0
36	10	0	0.63785	-0.770161	0
36	11	0	-0.811903	-0.583792	0
36	12	0	-0.485008	-0.87451	0
36	13	0	0.678261	-0.734821	0
36	14	0	-0.720119	-0.693851	0
36	15	0	0.992087	-0.125554	0
36	16	0	-0.972045	0.234795	0
36	17	0	0.788982	-0.614416	0
36	18	0	0.152091	-0.988366	0
36	19	0	0.681776	-0.731561	0
36	20	0	0.703215	-0.710977	0
36	21	0	-0.387958	-0.921677	0
36	22	0	-0.600747	0.799439	0
36	23	0	-0.920388	-0.391006	0
36	24	0	0.0403056	-0.999187	0
36	25	0	0.648859	-0.760908	0
36	26	0	-0.090336	-0.995911	0
36	27	0	-0.419881	-0.907579	0
36	28	0	-0.210258	-0.977646	0
36	29	0	0.149817	0.988714	0
36	30	0	0.922141	0.386854	0
36	31	0	-0.455566	0.890202	0
36	32	0	-0.710471	0.703726	0
36	33	0	-0.0446155	0.999004	0
36	34	0	0.856881	0.515514	0
36	35	0	0.183847	0.982955	0
36	36	0	-0.476433	0.879211	0
36	37	0	0.961673	0.274197	0
36	38	0	-0.0549573	0.998489	0
36	39	0	0.417879	0.908502	0
36	40	0	-0.155975	0.987761	0
36	41	0	0.546183	0.837666	0
36	42	0	0.318467	-0.947934	0
36	43	0	0.480391	-0.877055	0
36	44	0	0.621163	-0.783681	0
36	45	0	-0.938664	-0.344832	0
36	46	0	0.479045	-0.877791	0
36	47	0	-0.955308	-0.295611	0
36	48	0	0.42969	-0.902977	0
36	49	0	0.354219	-0.935163	0
37	0	0	-0.519984	-0.854176	0
37	1	0	0.677838	-0.735211	0
37	2	0	0.165344	-0.986236	0
37	3	0	-0.970308	-0.241872	0
37	4	0	-0.086516	-0.99625	0
37	5	0	0.0678767	-0.997694	0
37	6	0	0.707835	-0.706377	0
37	7	0	-0.0379098	-0.999281	0
37	8	0	0.867659	-0.49716	0
37	9	0	0.131592	-0.991304	0
37	10	0	0.235587	-0.971853	0
37	11	0	0.524645	-0.851321	0
37	12	0	0.223456	-0.974714	0
37	13	0	-0.990824	-0.135155	0
37	14	0	0.305715	-0.952123	0
37	15	0	0.681355	-0.731953	0
37	16	0	-0.700962	-0.713199	0
37	17	0	0.18818	-0.982135	0
37	18	0	0.732835	-0.680407	0
37	19	0	0.988707	-0.149864	0
37	20	0	-0.657209	-0.753709	0
37	21	0	0.837744	-0.546063	0
37	22	0	0.999538	0.0303882	0
37	23	0	-0.981341	-0.192275	0
37	24	0	0.47196	-0.88162	0
37	25	0	0.944065	-0.329759	0
37	26	0	0.585697	-0.81053	0
37	27	0	0.897783	-0.440437	0
37	28	0	-0.0895721	-0.99598	0
37	29	0	-0.989895	0.141802	0
37	30	0	-0.999992	-0.00402746	0
37	31	0	0.956798	0.290752	0
37	32	0	0.0121284	0.999926	0
37	33	0	0.201158	0.979559	0
37	34	0	-0.273136	0.961975	0
37	35	0	-0.510287	0.860004	0
37	36	0	0.163831	0.986488	0
37	37	0	0.287769	0.9577	0
37	38	0	0.970655	0.240475	0
37	39	0	0.829162	0.559008	0
37	40	0	-0.802395	0.596793	0
37	41	0	0.768047	0.640393	0
37	42	0	-0.820982	-0.570954	0
37	43	0	0.491619	-0.870811	0
37	44	0	-0.526031	-0.850465	0
37	45	0	0.362632	-0.931932	0
37	46	0	0.477529	-0.878616	0
37	47	0	0.072085	-0.997398	0
37	48	0	-0.763422	-0.6459	0
37	49	0	-0.0413587	-0.999144	0
38	0	0	0.906145	-0.422968	0
38	1	0	0.0936781	-0.995603	0
38	2	0	-0.764659	-0.644435	0
38	3	0	0.107414	-0.994214	0
38	4	0	0.103791	-0.994599	0
38	5	0	-0.990003	-0.141043	0
38	6	0	0.997111	0.075957	0
38	7	0	-0.218686	-0.975795	0
38	8	0	-0.316193	-0.948695	0
38	9	0	0.758758	-0.651372	0
38	10	0	0.580244	-0.814443	0
38	11	0	0.994043	-0.108987	0
38	12	0	-0.999956	0.00939643	0
38	13	0	0.701167	-0.712997	0
38	14	0	-0.947091	-0.320965	0
38	15	0	-0.183563	-0.983008	0
38	16	0	0.683318	-0.730121	0
38	17	0	0.888998	-0.457911	0
38	18	0	-0.610208	-0.792241	0
38	19	0	-0.904556	-0.426354	0
38	20	0	0.965267	-0.261265	0
38	21	0	0.62611	-0.779735	0
38	22	0	-0.95365	0.300918	0
38	23	0	0.558173	-0.829724	0
38	24	0	0.0477767	-0.998858	0
38	25	0	-0.809096	-0.587677	0
38	26	0	0.583986	-0.811764	0
38	27	0	-0.311459	-0.950259	0
38	28	0	-0.0981629	-0.99517	0
38	29	0	0.111989	-0.993709	0
38	30	0	-0.999411	0.0343178	0
38	31	0	-0.0258356	0.999666	0
38	32	0	-0.783591	0.621276	0
38	33	0	0.955507	0.294969	0
38	34	0	-0.777599	0.628761	0
38	35	0	-0.679317	0.733845	0
38	36	0	0.746129	0.665801	0
38	37	0	0.187992	0.982171	0
38	38	0	0.118655	0.992936	0
38	39	0	-0.577977	0.816053	0
38	40	0	-0.0390595	0.999237	0
38	41	0	-0.573587	0.819145	0
38	42	0	0.826149	0.563452	0
38	43	0	0.752226	-0.658906	0
38	44	0	0.207165	-0.978306	0
38	45	0	-0.481651	-0.876363	0
38	46	0	-0.754432	-0.656378	0
38	47	0	-0.920912	-0.38977	0
38	48	0	0.789218	-0.614113	0
38	49	0	0.795418	-0.606061	0
39	0	0	0.997198	-0.0748098	0
39	1	0	0.953679	-0.300826	0
39	2	0	-0.0740923	-0.997251	0
39	3	0	0.879963	-0.475042	0
39	4	0	0.513006	-0.858385	0
39	5	0	0.866895	-0.498491	0
39	6	0	0.63903	0.769182	0
39	7	0	0.00158229	-0.999999	0
39	8	0	-0.871869	-0.489739	0
39	9	0	-0.824796	-0.565431	0
39	10	0	-0.999831	-0.0184079	0
39	11	0	-0.961225	0.275765	0
39	12	0	0.796579	-0.604534	0
39	13	0	-0.77772	-0.628611	0
39	14	0	0.860615	-0.509257	0
39	15	0	0.915019	-0.403411	0
39	16	0	0.123604	-0.992332	0
39	17	0	0.956743	-0.290935	0
39	18	0	-0.156543	-0.987671	0
39	19	0	0.0711287	-0.997467	0
39	20	0	0.628947	-0.777448	0
39	21	0	-0.782757	-0.622328	0
39	22	0	-0.724495	-0.68928	0
39	23	0	0.949735	-0.313054	0
39	24	0	0.849986	-0.526806	0
39	25	0	-0.112464	-0.993656	0
39	26	0	-0.975109	-0.221727	0
39	27	0	0.0667288	-0.997771	0
39	28	0	0.544898	-0.838502	0
39	29	0	0.168558	-0.985692	0
39	30	0	0.796347	-0.60484	0
39	31	0	0.722709	-0.691153	0
39	32	0	-0.787152	0.616758	0
39	33	0	0.411598	0.911365	0
39	34	0	-0.0901451	0.995929	0
39	35	0	-0.775303	0.631589	0
39	36	0	0.980276	0.197634	0
39	37	0	0.215037	0.976606	0
39	38	0	0.910238	-0.414086	0
39	39	0	-0.995499	0.0947761	0
39	40	0	0.997651	0.0684982	0
39	41	0	0.966114	0.258117	0
39	42	0	-0.983279	-0.182103	0
39	43	0	-0.769089	-0.639141	0
39	44	0	0.29474	-0.955577	0
39	45	0	-0.0262189	-0.999656	0
39	46	0	-0.795708	-0.60568	0
39	47	0	0.104554	-0.994519	0
39	48	0	0.977656	-0.210212	0
39	49	0	0.783294	-0.621651	0
40	0	0	-0.952839	-0.303477	0
40	1	0	0.754999	-0.655726	0
40	2	0	-0.743249	-0.669015	0
40	3	0	-0.999934	0.0115056	0
40	4	0	0.0632846	-0.997996	0
40	5	0	-0.967267	-0.253761	0
40	6	0	-0.999619	-0.0276096	0
40	7	0	0.424315	-0.905515	0
40	8	0	-0.962744	-0.270415	0
40	9	0	0.269169	-0.963093	0
40	10	0	-0.00551256	-0.999985	0
40	11	0	-0.632146	-0.774849	0
40	12	0	0.435568	-0.900156	0
40	13	0	0.759382	-0.650645	0
40	14	0	0.519903	-0.854225	0
40	15	0	-0.988663	-0.150149	0
40	16	0	-0.90184	-0.432069	0
40	17	0	-0.835486	-0.549512	0
40	18	0	-0.643811	-0.765185	0
40	19	0	0.691395	-0.722477	0
40	20	0	-0.76651	-0.642233	0
40	21	0	0.890573	-0.45484	0
40	22	0	-0.576568	-0.817049	0
40	23	0	-0.80388	0.594791	0
40	24	0	0.894121	-0.447825	0
40	25	0	0.081262	-0.996693	0
40	26	0	-0.451293	-0.892376	0
40	27	0	0.705801	-0.708411	0
40	28	0	-0.505332	-0.862925	0
40	29	0	0.480222	-0.877147	0
40	30	0	-0.630808	-0.775939	0
40	31	0	0.948163	-0.317785	0
40	32	0	-0.994281	-0.106795	0
40	33	0	0.535215	0.844716	0
40	34	0	0.256218	0.966619	0
40	35	0	-0.933814	0.357758	0
40	36	0	-0.402753	0.915309	0
40	37	0	0.0194141	0.999812	0
40	38	0	-0.98684	-0.161703	0
40	39	0	-0.510947	0.859612	0
40	40	0	0.392108	0.919919	0
40	41	0	-0.739001	0.673704	0
40	42	0	-0.275902	-0.961186	0
40	43	0	0.259552	-0.965729	0
40	44	0	-0.946659	-0.322236	0
40	45	0	-0.548991	-0.835828	0
40	46	0	-0.00148576	-0.999999	0
40	47	0	-0.212507	-0.977159	0
40	48	0	-0.666838	-0.745203	0
40	49	0	0.907196	-0.420708	0
41	0	0	-0.274612	-0.961555	0
41	1	0	-0.901426	-0.432934	0
41	2	0	-0.0208513	-0.999783	0
41	3	0	0.770497	-0.637443	0
41	4	0	0.705936	-0.708275	0
41	5	0	0.934396	-0.356235	0
41	6	0	0.681215	-0.732084	0
41	7	0	-0.932227	-0.361873	0
41	8	0	0.0862301	-0.996275	0
41	9	0	0.0875673	-0.996159	0
41	10	0	0.765339	-0.643628	0
41	11	0	0.950691	-0.310138	0
41	12	0	-0.99229	0.123937	0
41	13	0	0.693747	-0.720219	0
41	14	0	0.468914	-0.883244	0
41	15	0	0.904924	-0.425573	0
41	16	0	0.696641	-0.71742	0
41	17	0	0.334778	-0.942297	0
41	18	0	0.998077	0.0619925	0
41	19	0	0.490616	-0.871376	0
41	20	0	0.115037	-0.993361	0
41	21	0	-0.791157	-0.611613	0
41	22	0	-0.917286	-0.39823	0
41	23	0	-0.638513	-0.769611	0
41	24	0	0.958455	-0.285243	0
41	25	0	-0.424227	-0.905556	0
41	26	0	0.605413	-0.795912	0
41	27	0	-0.621689	-0.783264	0
41	28	0	0.10093	-0.994894	0
41	29	0	-0.412034	-0.911168	0
41	30	0	0.707564	-0.706649	0
41	31	0	-0.866464	-0.499239	0
41	32	0	-0.800561	-0.599252	0
41	33	0	0.0263154	0.999654	0
41	34	0	0.999839	0.017928	0
41	35	0	0.302244	0.953231	0
41	36	0	0.284278	0.958742	0
41	37	0	-0.772145	0.635447	0
41	38	0	0.693609	0.720352	0
41	39	0	0.993466	0.114132	0
41	40	0	-0.970169	0.24243	0
41	41	0	-0.813245	0.581922	0
41	42	0	0.959434	0.281933	0
41	43	0	-0.833478	-0.552553	0
41	44	0	0.991523	-0.129928	0
41	45	0	0.459403	-0.888228	0
41	46	0	-0.251859	-0.967764	0
41	47	0	-0.449238	-0.893412	0
41	48	0	0.0764831	-0.997071	0
41	49	0	0.920351	-0.391093	0
42	0	0	-0.947643	-0.31933	0
42	1	0	-0.383535	0.923526	0
42	2	0	-0.998357	-0.0573035	0
42	3	0	0.897191	0.441642	0
42	4	0	0.620713	-0.784038	0
42	5	0	0.178567	-0.983928	0
42	6	0	-0.811792	-0.583947	0
42	7	0	-0.551393	-0.834246	0
42	8	0	-0.861833	-0.507193	0
42	9	0	0.994291	0.106699	0
42	10	0	0.991966	0.126505	0
42	11	0	0.1409	-0.990024	0
42	12	0	-0.0484464	-0.998826	0
42	13	0	0.745746	-0.66623	0
42	14	0	0.0337904	-0.999429	0
42	15	0	0.150196	-0.988656	0
42	16	0	0.651336	-0.758789	0
42	17	0	-0.980821	-0.194909	0
42	18	0	-0.438585	-0.89869	0
42	19	0	-0.0495955	-0.998769	0
42	20	0	0.916942	-0.39902	0
42	21	0	-0.160897	-0.986971	0
42	22	0	-0.868753	-0.495246	0
42	23	0	0.0986406	-0.995123	0
42	24	0	0.704033	-0.710168	0
42	25	0	-0.108272	-0.994121	0
42	26	0	0.460424	-0.887699	0
42	27	0	0.029574	-0.999563	0
42	28	0	0.995544	-0.0942982	0
42	29	0	-0.0118402	-0.99993	0
42	30	0	0.925227	-0.379415	0
42	31	0	0.577116	-0.816662	0
42	32	0	0.330981	-0.943638	0
42	33	0	-0.978751	0.205054	0
42	34	0	0.815193	0.579189	0
42	35	0	0.142039	0.989861	0
42	36	0	-0.766017	0.642821	0
42	37	0	0.836275	0.54831	0
42	38	0	0.78389	0.6209	0
42	39	0	0.574294	0.818649	0
42	40	0	-0.317466	0.94827	0
42	41	0	-0.480474	0.877009	0
42	42	0	-0.397129	0.917763	0
42	43	0	0.886438	0.462848	0
42	44	0	-0.872432	0.488736	0
42	45	0	0.673456	0.739227	0
42	46	0	-0.993991	-0.109464	0
42	47	0	0.375819	-0.926693	0
42	48	0	0.99999	-0.00450619	0
42	49	0	-0.401348	-0.915925	0
43	0	0	0.911976	0.410243	0
43	1	0	-0.0729449	0.997336	0
43	2	0	-0.647033	0.762462	0
43	3	0	0.242104	0.97025	0
43	4	0	-0.99785	-0.0655333	0
43	5	0	-0.425442	-0.904986	0
43	6	0	0.818181	-0.574961	0
43	7	0	0.435568	-0.900156	0
43	8	0	0.804052	-0.594559	0
43	9	0	0.548591	-0.836091	0
43	10	0	-0.907155	-0.420796	0
43	11	0	-0.823057	-0.567959	0
43	12	0	0.173092	-0.984906	0
43	13	0	-0.0857518	-0.996317	0
43	14	0	0.986979	-0.16085	0
43	15	0	-0.955365	-0.295428	0
43	16	0	-0.867134	-0.498076	0
43	17	0	0.625512	-0.780215	0
43	18	0	-0.955025	-0.296526	0
43	19	0	0.0850838	-0.996374	0
43	20	0	0.240429	-0.970667	0
43	21	0	-0.263716	-0.9646	0
43	22	0	0.0506495	-0.998716	0
43	23	0	0.230552	-0.97306	0
43	24	0	0.597446	-0.801909	0
43	25	0	-0.858802	-0.512307	0
43	26	0	-0.417095	-0.908863	0
43	27	0	-0.0415503	-0.999136	0
43	28	0	0.437983	-0.898983	0
43	29	0	-0.126362	-0.991984	0
43	30	0	-0.970401	-0.2415	0
43	31	0	-0.0283274	-0.999599	0
43	32	0	-0.914204	-0.405253	0
43	33	0	-0.414304	0.910138	0
43	34	0	-0.796289	0.604917	0
43	35	0	0.884477	0.466583	0
43	36	0	-0.141754	0.989902	0
43	37	0	0.711348	0.70284	0
43	38	0	-0.35986	0.933006	0
43	39	0	-0.231018	0.972949	0
43	40	0	-0.796753	0.604306	0
43	41	0	0.363704	0.931514	0
43	42	0	-0.942634	0.333829	0
43	43	0	-0.0127989	0.999918	0
43	44	0	0.191757	0.981442	0
43	45	0	0.93323	0.359279	0
43	46	0	0.954996	0.296617	0
43	47	0	0.67812	-0.734951	0
43	48	0	-0.772875	-0.634558	0
43	49	0	-0.9078	-0.419403	0
44	0	0	-0.14479	0.989462	0
44	1	0	-0.985375	0.170401	0
44	2	0	0.426571	0.904454	0
44	3	0	0.35834	0.933591	0
44	4	0	-0.613091	0.790012	0
44	5	0	0.986762	-0.162175	0
44	6	0	0.466371	-0.884589	0
44	7	0	0.0583082	-0.998299	0
44	8	0	0.814526	-0.580127	0
44	9	0	0.877676	-0.479255	0
44	10	0	-0.893476	-0.449111	0
44	11	0	0.533432	-0.845843	0
44	12	0	0.24991	-0.968269	0
44	13	0	0.872385	-0.488819	0
44	14	0	-0.90001	-0.43587	0
44	15	0	0.277469	-0.960735	0
44	16	0	-0.995785	-0.0917214	0
44	17	0	-0.138906	-0.990306	0
44	18	0	-0.99987	0.0161072	0
44	19	0	0.877676	-0.479255	0
44	20	0	0.340193	-0.940356	0
44	21	0	0.987798	0.155738	0
44	22	0	-0.661534	-0.749915	0
44	23	0	0.995194	-0.0979247	0
44	24	0	-0.384244	-0.923232	0
44	25	0	0.951874	-0.30649	0
44	26	0	0.716986	-0.697088	0
44	27	0	0.997638	0.0686895	0
44	28	0	0.440911	-0.897551	0
44	29	0	0.167235	-0.985917	0
44	30	0	0.262884	-0.964827	0
44	31	0	0.746767	-0.665086	0
44	32	0	-0.714373	0.699765	0
44	33	0	-0.963671	0.267091	0
44	34	0	0.12132	0.992613	0
44	35	0	-0.937935	0.346811	0
44	36	0	-0.138146	0.990412	0
44	37	0	0.999973	0.00738244	0
44	38	0	-0.667552	0.744563	0
44	39	0	-0.986622	0.163027	0
44	40	0	0.963183	0.268845	0
44	41	0	-0.215879	0.97642	0
44	42	0	0.761499	0.648166	0
44	43	0	-0.154649	0.98797	0
44	44	0	0.760006	0.649916	0
44	45	0	-0.532539	0.846405	0
44	46	0	0.241174	0.970482	0
44	47	0	-0.999925	0.0122726	0
44	48	0	-0.625885	0.779915	0
44	49	0	0.524155	0.851623	0
45	0	0	-0.550112	0.835091	0
45	1	0	-0.779644	0.626222	0
45	2	0	-0.972982	0.230879	0
45	3	0	-0.991184	0.132495	0
45	4	0	0.862658	0.505787	0
45	5	0	-0.754935	0.655799	0
45	6	0	-0.908843	0.417139	0
45	7	0	0.486936	-0.873438	0
45	8	0	0.802453	0.596715	0
45	9	0	0.907115	-0.420882	0
45	10	0	0.0976865	-0.995217	0
45	11	0	-0.336132	-0.941815	0
45	12	0	0.821037	-0.570875	0
45	13	0	-0.720784	-0.69316	0
45	14	0	0.921025	-0.389504	0
45	15	0	-0.835275	-0.549833	0
45	16	0	-0.273505	-0.96187	0
45	17	0	-0.130165	-0.991492	0
45	18	0	-0.430814	-0.902441	0
45	19	0	0.928395	-0.371595	0
45	20	0	0.427957	-0.903799	0
45	21	0	-0.207258	-0.978286	0
45	22	0	-0.507647	-0.861565	0
45	23	0	-0.210071	-0.977686	0
45	24	0	-0.61853	-0.785761	0
45	25	0	0.801766	-0.597638	0
45	26	0	0.936967	-0.349417	0
45	27	0	-0.948619	-0.316421	0
45	28	0	-0.955422	0.295244	0
45	29	0	-0.239032	-0.971012	0
45	30	0	0.312644	-0.94987	0
45	31	0	0.992514	-0.122129	0
45	32	0	-0.18149	0.983393	0
45	33	0	0.488945	0.872315	0
45	34	0	0.246753	0.969079	0
45	35	0	-0.468151	0.883648	0
45	36	0	-0.694643	0.719354	0
45	37	0	0.984931	-0.17295	0
45	38	0	-0.550593	0.834774	0
45	39	0	-0.850238	0.526399	0
45	40	0	0.859832	0.510576	0
45	41	0	-0.5395	0.841986	0
45	42	0	0.943049	0.332653	0
45	43	0	0.414218	0.910178	0
45	44	0	-0.413432	0.910535	0
45	45	0	-0.99365	-0.112513	0
45	46	0	-0.976534	-0.215365	0
45	47	0	0.995881	-0.0906705	0
45	48	0	-0.851044	0.525094	0
45	49	0	-0.949645	-0.313327	0
46	0	0	0.885638	0.464377	0
46	1	0	-0.649515	0.760349	0
46	2	0	0.835222	0.549912	0
46	3	0	0.796463	0.604687	0
46	4	0	0.874719	0.484631	0
46	5	0	0.205851	0.978583	0
46	6	0	-0.240336	0.97069	0
46	7	0	0.759008	0.651081	0
46	8	0	-0.735893	0.677098	0
46	9	0	-0.730939	0.682442	0
46	10	0	-0.979799	0.199984	0
46	11	0	-0.934907	-0.354892	0
46	12	0	0.870315	-0.492495	0
46	13	0	0.556103	-0.831113	0
46	14	0	0.630436	-0.776241	0
46	15	0	-0.999922	0.0124643	0
46	16	0	0.408975	-0.912546	0
46	17	0	-0.239219	-0.970966	0
46	18	0	-0.198809	-0.980038	0
46	19	0	0.998318	0.0579729	0
46	20	0	-0.927143	-0.374709	0
46	21	0	-0.76651	-0.642233	0
46	22	0	0.800044	-0.599942	0
46	23	0	0.908563	-0.417748	0
46	24	0	0.941379	-0.337351	0
46	25	0	0.269538	-0.96299	0
46	26	0	0.908643	-0.417574	0
46	27	0	0.860419	-0.509587	0
46	28	0	0.785435	-0.618944	0
46	29	0	-0.33559	-0.942008	0
46	30	0	0.708106	-0.706106	0
46	31	0	-0.16279	-0.986661	0
46	32	0	-0.829965	-0.557816	0
46	33	0	0.919524	-0.393034	0
46	34	0	-0.380346	0.924844	0
46	35	0	-0.302334	0.953202	0
46	36	0	-0.947582	0.319512	0
46	37	0	-0.126362	0.991984	0
46	38	0	-0.326181	0.945307	0
46	39	0	0.684577	0.728941	0
46	40	0	0.996171	0.0874237	0
46	41	0	-0.553311	0.832975	0
46	42	0	-0.454712	0.890639	0
46	43	0	0.130451	0.991455	0
46	44	0	0.364419	0.931235	0
46	45	0	0.734398	0.678719	0
46	46	0	0.795999	0.605298	0
46	47	0	-0.721979	0.691915	0
46	48	0	-0.994158	0.107939	0
46	49	0	0.978731	0.205147	0
47	0	0	0.018839	0.999823	0
47	1	0	0.808814	0.588064	0
47	2	0	0.421361	0.906893	0
47	3	0	0.633557	0.773696	0
47	4	0	-0.952372	0.304939	0
47	5	0	0.924498	0.381188	0
47	6	0	0.133492	0.99105	0
47	7	0	0.997956	0.0639062	0
47	8	0	-0.293182	0.956057	0
47	9	0	-0.711415	0.702772	0
47	10	0	-0.482491	0.875901	0
47	11	0	-0.592746	-0.80539	0
47	12	0	0.174414	-0.984672	0
47	13	0	0.359235	-0.933247	0
47	14	0	0.936967	-0.349417	0
47	15	0	0.719654	-0.694333	0
47	16	0	-0.999753	0.0222422	0
47	17	0	-1	-0.00038416	0
47	18	0	0.815637	-0.578564	0
47	19	0	0.996171	-0.0874237	0
47	20	0	0.987498	0.157632	0
47	21	0	-0.959082	0.283129	0
47	22	0	-0.496203	-0.868206	0
47	23	0	-0.781083	-0.624427	0
47	24	0	0.948892	-0.315602	0
47	25	0	0.0439456	-0.999034	0
47	26	0	-0.999437	-0.0335512	0
47	27	0	-0.913426	-0.407006	0
47	28	0	-0.41151	-0.911405	0
47	29	0	-0.809659	-0.586901	0
47	30	0	-0.680723	-0.732541	0
47	31	0	-0.61036	-0.792124	0
47	32	0	0.735828	-0.677168	0
47	33	0	-0.0773428	-0.997005	0
47	34	0	-0.917133	0.398581	0
47	35	0	0.462636	0.886549	0
47	36	0	-0.99484	0.101455	0
47	37	0	-0.890704	0.454585	0
47	38	0	0.683737	0.729728	0
47	39	0	-0.999227	-0.0393	0
47	40	0	-0.12465	0.992201	0
47	41	0	0.892138	0.451764	0
47	42	0	0.0222898	0.999752	0
47	43	0	0.611348	0.791362	0
47	44	0	0.928395	-0.371595	0
47	45	0	-0.75115	0.660131	0
47	46	0	-0.465098	0.885259	0
47	47	0	0.789218	0.614113	0
47	48	0	0.425009	0.905189	0
47	49	0	-0.915983	0.401218	0
48	0	0	0.819392	0.573234	0
48	1	0	0.919298	0.393563	0
48	2	0	-0.696847	0.71722	0
48	3	0	0.861492	0.507771	0
48	4	0	-0.0853697	0.996349	0
48	5	0	0.434877	0.90049	0
48	6	0	-0.0998802	0.994999	0
48	7	0	0.699113	0.715011	0
48	8	0	0.559922	0.828545	0
48	9	0	0.547307	0.836932	0
48	10	0	-0.0654845	0.997854	0
48	11	0	0.999997	0.00239692	0
48	12	0	0.997395	0.0721325	0
48	13	0	-0.450951	-0.892549	0
48	14	0	0.875924	0.482449	0
48	15	0	0.983436	-0.181254	0
48	16	0	-0.995184	0.0980208	0
48	17	0	-0.758445	-0.651737	0
48	18	0	-0.990325	-0.138764	0
48	19	0	-0.895875	-0.444307	0
48	20	0	-0.835486	0.549512	0
48	21	0	0.768047	0.640393	0
48	22	0	0.409675	-0.912232	0
48	23	0	-0.910832	-0.412778	0
48	24	0	-0.494537	-0.869156	0
48	25	0	0.895235	-0.445594	0
48	26	0	0.999333	-0.0365209	0
48	27	0	0.788982	-0.614416	0
48	28	0	-0.875507	-0.483205	0
48	29	0	0.990498	-0.137529	0
48	30	0	-0.759943	-0.64999	0
48	31	0	-0.642048	-0.766664	0
48	32	0	0.869937	-0.493162	0
48	33	0	-0.0177839	-0.999842	0
48	34	0	-0.99964	-0.0268429	0
48	35	0	-0.132637	0.991165	0
48	36	0	-0.982071	-0.18851	0
48	37	0	0.976389	-0.21602	0
48	38	0	-0.735893	0.677098	0
48	39	0	0.615134	0.788422	0
48	40	0	0.537157	0.843482	0
48	41	0	-0.938664	0.344832	0
48	42	0	-0.991783	-0.127932	0
48	43	0	-0.934907	0.354892	0
48	44	0	-0.194861	0.980831	0
48	45	0	-0.166761	0.985997	0
48	46	0	-0.164303	0.98641	0
48	47	0	-0.0045538	0.99999	0
48	48	0	0.75374	0.657173	0
48	49	0	-0.961962	0.273183	0
49	0	0	-0.945417	0.325864	0
49	1	0	0.942921	-0.333015	0
49	2	0	0.322826	0.946458	0
49	3	0	-0.659806	0.751436	0
49	4	0	0.226819	0.973937	0
49	5	0	0.11637	0.993206	0
49	6	0	0.482239	0.876039	0
49	7	0	0.57602	0.817436	0
49	8	0	0.998112	0.0614183	0
49	9	0	-0.849227	-0.528028	0
49	10	0	-0.940111	0.340869	0
49	11	0	-0.890878	0.454243	0
49	12	0	-0.643811	0.765185	0
49	13	0	0.90427	0.42696	0
49	14	0	-0.929141	0.369726	0
49	15	0	0.357803	0.933797	0
49	16	0	0.348474	0.937318	0
49	17	0	-0.998368	0.0571121	0
49	18	0	0.891357	-0.453303	0
49	19	0	-0.930482	0.366338	0
49	20	0	0.791333	0.611385	0
49	21	0	0.998417	-0.0562499	0
49	22	0	-0.505663	-0.862731	0
49	23	0	0.158911	-0.987293	0
49	24	0	-0.953071	-0.302747	0
49	25	0	0.44538	-0.895342	0
49	26	0	0.999849	0.0173528	0
49	27	0	-0.189968	-0.98179	0
49	28	0	-0.995296	-0.0968757	0
49	29	0	-0.549472	-0.835512	0
49	30	0	0.973402	-0.229106	0
49	31	0	0.314101	-0.94939	0
49	32	0	-0.581102	-0.813831	0
49	33	0	0.958619	-0.284692	0
49	34	0	0.584453	-0.811428	0
49	35	0	-0.999971	0.00767071	0
49	36	0	-0.743762	0.668444	0
49	37	0	0.222895	0.974842	0
49	38	0	0.953794	0.300461	0
49	39	0	-0.999988	-0.00498622	0
49	40	0	-0.0983537	0.995152	0
49	41	0	-0.887014	0.461743	0
49	42	0	-0.868848	-0.49508	0
49	43	0	-0.344966	0.938615	0
49	44	0	-0.25631	0.966595	0
49	45	0	0.744339	0.667802	0
49	46	0	0.946876	0.3216	0
49	47	0	-0.156543	0.987671	0
49	48	0	-0.70301	0.71118	0
49	49	0	-0.861151	0.508349	0
